10024133
10027054
10051240
10051250
10052662
10052667
10052669
10065667
10066370
10066712
10066916
10068871
10069269
10080859
10085487
10086213
10090328
10098462
10186448
10188738
10190769
10190775
10194033
10194157
10194203
10194215
10200576
10211844
10211848
10211849
10216090
10226888
10230161
10233044
10319359
10329828
10344359
10344454
10344456
10344463
10359573
10361331
10362386
10368355
10376483
10378910
10379481
10385269
10404497
10409590
10410329
10414164
10416558
10420137
10428295
10428573
10445622
10445623
10449025
10452230
10453859
10469525
10469623
10472319
10472525
10480780
10484593
10484595
10485515
10485779
10491346
10496119
10500036
10502079
10509363
10517764
10527820
1053440
10542921
10551346
10552266
10562353
10562607
10567624
10572208
10573332
10590187
10600657
10600658
10600843
10601173
10602722
10605950
10610832
10613431
10619370
10619980
10622270
10623982
10627077
10634215
10638381
10640980
10642363
10644818
10647540
10664086
10671807
10680098
10683094
10686775
10690446
10694117
10694140
10698040
10719781
10720041
10722780
10727075
10727694
10731000
10734666
10738706
10754517
10759448
10759703
10774876
10782525
10787364
10795783
10806050
10817726
10818279
10834317
10834351
10839228
10844520
10852756
10852757
10853701
10853702
10853703
10853849
10856533
10862535
10862637
10870095
10876011
10879444
10879457
10893341
10898410
10909963
10911809
10912880
10912884
10912885
10913482
10922016
10924077
10926657
10942707
10949003
10949106
10956359
10983891
10986551
10987594
10988117
10988133
11003990
11007588
11027515
11033992
11034437
11044635
11053329
11060137
11072780
11080265
11083752
11087903
11090586
11090595
11096461
11112890
11116068
11125891
11128850
11128860
11132604
11137745
11137827
11156284
11160051
11171715
11174795
11176144
11179134
11181610
11192058
11192956
11214741
11216749
11224813
11228396
11230780
11232592
11245592
11264655
11281614
11281615
11281616
11283429
11298785
11303695
11303698
11315468
11320633
11320643
11335051
11344086
11350752
11354527
11358983
11374121
11374427
1138808
11389214
11389929
11394236
11394246
11399389
11401015
11402249
11404280
11408420
11408460
11414666
11418473
11428738
11441228
11447362
11448858
11457800
11487604
11500083
11500334
11502577
11504595
11504695
11508327
11509506
11510867
11510869
11513303
1152101
11531039
11531966
11533573
11546660
11546663
11549539
11556321
11560093
115619
11568149
11568154
11568166
11572476
11574951
11579175
11579696
11581559
11583637
11590477
11590482
11599572
11600586
11601568
11641355
11641701
11676965
11683483
11686666
11687509
11708138
11710403
11714780
11728819
11731593
11738291
11740295
11741827
11744662
11772878
11774070
11795476
11797181
11809052
11813986
11819219
11822472
11832998
11840365
11840451
11849865
11858186
11860169
11861272
11865966
11882518
11882931
11914988
11915776
11915781
11915783
11915784
11915934
11925624
11940481
11942919
11948040
11952547
11958805
11959049
11959380
11960925
11960947
11984298
11985939
11990147
11990724
11990730
11991618
11991691
12007686
12012074
12015352
12015372
12028134
12035723
12048321
12055098
12056177
12063525
12065709
12070194
12070198
12077012
1208508
12094129
12111248
12111283
12114353
12122444
12131018
12133863
12133875
12135936
12154195
12154196
12161104
12164364
12171444
12174707
12181307
12187615
12189012
12191881
12207817
12208423
1221553
12215965
12215966
12220476
12318832
12324676
12347546
12355175
12355200
12370562
12370565
12381341
12381755
12388066
12391112
12391137
12394203
12411528
12418587
12433870
12436267
12439776
12445534
12446281
12449164
12453160
12460041
12461065
12461477
12468058
12471300
12472278
12476857
12479515
12506522
12509497
12519089
12527721
12533503
12534555
12538423
12547748
12552363
12560949
12560956
12563088
12569215
12569227
12571133
12575917
12580656
12582947
12582950
12601634
12603367
12608594
12611772
12611775
12627301
12627313
12640021
12672711
12673140
12673144
12673155
12682838
12687633
12692182
12702735
12707230
12711025
12712104
12723764
12735483
12736833
12736844
12736886
12740743
12740744
12742283
12745079
12745448
12751337
12752568
12763746
12765422
12768609
12780390
12783034
12783040
12783048
12783052
12788477
12789243
1279289
12794182
12800860
12811502
12832426
12832432
12840630
12840633
12840634
12840635
12842840
12849672
12857678
12866607
12867581
12868042
12869354
12870175
12870315
12885590
12897748
12900681
12900686
12904324
12904636
12909602
12911267
12917829
12923117
12924520
12928784
1293425
12937035
12940940
12941047
12950057
12958150
12968214
12972438
1308496
1311663
13129819
1317470
1319854
1325321
1325959
1330942
1330946
1334947
1336452
1336720
1337160
1338332
1342899
13678808
1382982
1410527
1412114
142076
1422653
1428375
14292940
1436308
1443865
1447084
1447096
14504950
14510960
14519196
14521945
14523485
1453125
14551773
14561237
14567443
14581135
14583239
14584592
14585250
14586663
14587654
14609594
14618196
14630817
14638921
14639557
14642414
14646972
14652498
14654172
14654750
1466192
14667246
14669191
14669936
14670000
14670005
14672962
14674932
14685863
14691418
14692464
14694421
14699123
1470015
1470016
1470018
14707770
14710522
14711188
14719632
14723787
14738209
14738473
14747207
14748457
14765038
14766942
1486038
1487340
1489006
1489148
1490963
1494761
14967173
14967868
14967869
14970749
14983236
14984727
14988094
14989560
14996591
15001462
15004345
15010702
15012914
15024666
15034608
15042451
15046975
15050304
15052109
15054156
15056825
15059637
15059966
15072962
15075299
15075305
15076781
15082102
15083751
15095037
15107413
15110397
15111488
15112279
15115685
15115691
15118187
15121802
15123562
15126711
15139163
15142013
15142869
15154602
15156523
1516192
15169848
15177511
15181192
1518395
15184263
15187570
15189958
15193699
15194674
1519838
15201500
15204794
15212697
15219506
15219523
15225901
15226784
15235301
15240377
1524281
15256691
15257327
15258317
15260459
15264183
15273179
15277023
15292740
15296940
15302083
15304377
15306159
15309724
15310737
15317982
15322070
15322327
15331687
15345683
15346238
15348765
15351379
15353026
15354026
15362321
15370188
15374074
15379860
15381386
15388551
15388566
1541071
1544729
15452392
15458015
15459136
15459833
15470320
15478671
15483351
15485084
15490094
1549029
15501016
15501922
15505876
15513276
15514501
15515415
15517337
15518675
15523206
15528034
15528395
15531573
15542409
15542410
15543336
15548201
15556775
15556970
1555909
1555910
15562152
15562167
15562839
15575930
15578203
15579575
15595993
15607401
15618276
15632669
15633588
15633589
1563367
15640395
15643530
15644458
15648008
15653959
15657470
15661814
15665189
15672478
15673097
15686784
15695298
15705028
15707382
15728699
15733511
15741833
15754499
15756172
15756173
15764007
15768531
15769980
15770878
15772061
15778895
15778896
15778897
15790422
15791041
15795476
15796202
15798963
15801495
15801503
15809665
15811877
15818720
15820291
15821635
15831772
15832877
15837717
1584314
15852896
15855262
15857269
15860712
15867559
15870626
15870820
15871852
15875813
15876313
15879167
15881546
15889194
15890510
15906078
15908252
15920102
1592056
1592059
15927336
15942695
15944076
15947280
15947305
15947713
15947719
15954057
15964914
15967819
15973964
15980654
15981788
15985525
15988704
15993138
16002377
16003537
16020520
16024529
16027142
16028368
16031845
16038480
16039284
16040142
16040353
16040783
16046219
16061149
16061150
16079650
16084517
16095050
16096840
16099893
16102936
1610394
16116346
1611721
1611723
16118270
16118307
16118573
1612085
16127194
16128812
16128859
16136008
16138928
16143583
16150115
16151834
16151835
16152682
16159628
16159987
16164571
1618188
1618189
16182462
16194151
16195021
16195619
16195883
16195988
16197367
16239607
16256862
16261958
16266380
16268054
16268799
16268805
16270641
16282566
16284083
16286856
16287611
16290227
16297553
16298861
16306499
16306505
16307279
16308838
16311912
16313144
16320167
16320174
16327030
16327031
16338272
16338907
16339549
1634916
16357068
16357073
1636408
16364163
16365212
16365696
16373444
16376593
16385425
16385846
16393676
1639453
16394601
16394956
16403491
16406203
16408233
16418171
16424411
16426710
16431998
16435151
16438805
16439858
16440504
16446686
16446690
1645055
16450573
16456143
16457979
16469108
16469958
16475052
1647707
16481153
16482080
16493001
16497841
16504463
16506060
16507605
16514109
16525578
16531896
16531897
16540394
16540839
16546475
16549131
16549931
16554145
16558388
16558471
16558628
16586332
16586343
16596104
16596114
16596116
16601301
16608770
16611706
1661352
1661353
16616012
16635605
16643140
16647242
16676701
16676702
16678922
16679984
16685503
16685547
1669597
1669975
16703337
16716364
16728524
16729381
16738451
16753838
16757529
16761962
16765122
16775544
16787761
16790484
16794028
16799818
16802252
16809239
16815780
16817318
16826027
16840030
16840578
16840584
16840657
16848885
16864821
16868228
16871524
16875919
16889932
16891191
16896726
16899922
16902065
1690442
16906414
1691382
1691419
16915023
16920774
16923247
16923248
16923249
16926664
1692786
16940930
16941179
16941810
16944403
1695151
16960513
16963301
16965573
16967774
16971747
16978071
16990507
16996838
17019295
17023150
17023765
17024634
17027102
17030466
17030560
17031693
17035481
17036189
17048254
17058271
17073880
17074690
17076827
17078478
17089158
17093155
17095643
17109621
17111013
17116838
17125041
1712638
17126770
17127720
17133288
17137583
1713847
17138632
17138937
17143564
17146438
17161060
1716617
17170204
17189550
17196811
17197641
17204573
17206443
17210115
1721863
17223209
17229982
17261316
17263477
17277591
17277593
17284654
17292721
17293730
17296645
17299108
1730841
17317377
17320067
17334512
17337041
17344910
17346285
17353883
17356298
17357968
17360317
17369807
17373603
17379755
17380191
17381977
17386066
17387314
17388749
17390499
17390544
17410478
17412579
17414802
17414803
17417987
17422365
17433829
17436202
17451800
17463304
17465608
17465622
17465623
17466660
17470570
17473001
17473771
1748099
17485581
17486164
17488391
17493195
17496422
17504785
17507740
17510683
17524838
1752711
1752720
17531926
17538844
17541866
17545885
17545886
17554797
17555883
17558196
17558675
17568252
17569075
17570987
17581317
17609220
17611050
17614022
17615280
17620066
17622206
17625241
17627187
17631516
17637762
17638095
17638844
17639094
17640599
17641910
17644577
17645594
1765060
17654044
17661068
17668230
17673556
1768160
17690139
17692424
17693690
17700214
1770751
17717057
17717114
17724255
1772997
17805088
17805089
17823084
17823296
17853070
17886034
17893256
17901240
17907114
17915021
17917404
17917696
17918255
17921432
17923401
17923882
17925628
17928942
17934907
17942986
17943596
17945332
17949944
17960887
17962609
17962974
17973986
17973988
17976973
17978833
17979105
17984241
17986898
17987505
17990210
17997840
18006867
18035426
18037159
18037316
18046185
18048590
18064330
1806734
18070804
18070806
18071011
18073271
18076246
18079262
18089464
18091693
1810612
1813985
1814900
18156658
18156661
18162322
18164586
18166693
18166694
18175295
18184041
18184752
18184856
18186814
18196587
18198658
18198660
18198664
18203867
18206729
18211747
18213545
18216379
18229573
18230043
18239561
18242048
18268066
18268931
1827015
18274945
18277180
18284711
18292129
18295822
18302839
18305954
18312445
18317375
18320358
18321939
18321953
18324908
18326980
18328837
18331218
18333175
18333663
18339008
18344132
18344136
18347652
18347656
18347680
18348176
18349067
18353886
18354247
18356478
18358480
18360319
1836784
18367844
1837265
18377953
18380542
18388249
18390000
18394461
18401836
18410551
18413173
18427418
18442628
18446601
18457670
1846079
18461215
18466654
18467550
18473012
18475541
18477503
18499764
18499767
18505468
18508828
18514933
18523036
18525382
18547863
18548269
18562773
18562790
18567275
18569228
18569558
18580401
18580406
18599675
18614944
18614945
18614946
18614947
18614951
18615388
18616717
18619772
18635813
1864348
18651163
18651484
18665387
18672032
18672196
18677171
18685529
18691944
18708380
18713090
18714220
18714535
18716401
18721084
18728056
18729804
18753954
18758806
18769155
18773991
18784398
18784539
18789762
18793247
18794210
18796751
18797740
18797920
18801773
18805543
18806550
18812416
18816607
18821985
18826379
18828030
18846326
18850491
1885446
1889935
1890634
18923572
18923577
18927160
18930806
1893375
1894395
1894397
1894398
18958698
18977173
18997657
19005161
19011891
19012528
19015737
19018559
19021023
19029634
19032777
19032901
19033608
19033710
19038583
1905495
19056428
19057403
1907258
19078648
19089748
19092138
19093280
19097916
1910016
19112032
19118820
19125286
19130647
19131212
19131276
19139034
19144959
19164834
19168924
1917224
19173675
19173788
19180801
1918374
19184087
19185336
19187547
19193941
19195263
19196379
19197204
19203082
19223675
19223676
19225528
19227648
19233694
19234582
19236577
19244933
19253084
19254756
19260984
19263072
19265525
19266472
19269849
19276902
1927920
19279507
19287093
19297212
1930769
19327992
19343415
1934381
19344695
19346972
19347350
19360903
19363498
19365147
19370050
19395583
19403859
19404671
19422646
19423836
19432298
19435833
19445648
19457057
19461538
19461540
19466604
19476405
19478337
19479628
19500355
19504265
19506333
19515792
19516153
19527938
19528902
19530939
19539099
19540617
1955630
19563304
19567922
19568765
19574506
19574610
19574612
19585317
1958676
19591014
19591221
19592412
19603105
19608262
19622583
19629842
19631390
19638826
19642904
19643002
19643947
19644031
19646854
19647494
19649649
19651408
19652995
19654918
19657294
19660611
19666628
19667531
19669788
1967046
19672617
19674255
19674573
19675720
19679621
1968005
19681661
1968366
1968526
19687610
19691834
19693299
19693532
19696125
19700138
19704379
19710089
19711027
19713429
19723090
19727022
19727024
19737872
19741540
19747852
19756700
19756713
19765242
19766513
19767388
19767794
19767796
19767811
19767814
19769703
19771447
19773283
19775917
19783602
19789403
19793061
19793156
19797690
19800931
19811098
19816709
19817503
19818846
19827462
19833610
19834334
19846424
1984801
19857542
19857707
19883392
19884489
19892539
19897460
19902242
19903761
19907005
19908172
1991041
19910654
19918193
1991921
19920930
19927028
19935847
19944361
19945435
19947855
19952825
19954777
19954944
19955864
19956970
19957874
19957875
19963158
19967420
19967592
19996575
19996787
20001441
20003209
20003624
20010127
20011246
20013622
20028270
20029520
20030905
20031575
20047266
20048468
20048476
20051733
20052409
20053569
20063104
20086345
20086431
20086724
20086954
20101405
20102734
20102772
2010374
2010406
20110541
20116411
20132073
20134177
20143084
20145562
20149706
20150740
20153875
20164809
20167678
20168253
20175040
20175427
20175428
20175433
20175869
20175886
20176680
20178632
20181080
20187772
20188818
20189027
20190425
20197784
20200939
20221295
20229018
20229679
20230500
20232574
20235883
20298376
20299351
20308694
20308927
20308973
20309004
20339010
20339244
20347489
20351374
20351512
20354834
20357483
20357488
20358704
20363849
20364046
20364347
20373468
20376076
20380359
20380736
20383226
20383302
20384440
20386338
20386477
20396801
20396982
20404050
20414820
20416393
20418184
20419620
20421958
20428993
20431985
20433584
20436237
20437076
2044521
20448032
20459662
20462402
20464812
20467575
20473228
20473683
20477066
20477279
20479533
20490823
20507967
20512337
20525371
20533245
20533854
20538849
20540623
20552383
20554511
20555369
20560169
20571229
20571405
20574676
20581719
20585296
20594330
20595456
20595540
20598139
20601740
20601741
20606517
20607065
20613649
20625491
20634742
20637132
20637616
20638470
20640439
20640440
20640951
20648700
20666650
20668874
20671032
20675923
20686993
20688919
20689451
20696684
20704929
20723894
20724934
20725124
20727160
20727372
2072829
2072836
20738823
20739169
20739506
20799043
20800058
20810503
20821024
20823453
20824621
20826261
20827340
20832579
20833606
20835904
20836754
20839226
20839490
20839491
20839496
20839499
20839500
20842100
20850711
20863169
20864555
20868319
20878013
20884344
20921216
20922508
20936392
20937116
20950383
20951381
20953513
20955601
20955779
2096490
20967458
20973949
20975796
20976161
20978713
2100704
2100988
21030675
21031618
21046139
210497
2105990
21068158
21069377
21070126
21070923
21071151
21078702
2108059
21083649
21088862
21088973
21095135
21113612
21123763
21127208
21131870
21132438
21134993
21138941
2114811
21152932
21153418
2115507
21161264
21163129
21164546
21165406
21170794
2117534
21177953
21178936
21178941
21191798
21195695
21200338
21203694
21203888
21206679
21208154
212093
21216881
21220530
2122516
21228725
2123179
21233776
21233790
21242700
21243240
21244727
21246372
21247745
21249381
21249386
21249387
21251178
21252484
21253483
21265312
21267745
21272132
2127819
21286214
2128980
21291822
21300303
21311362
21321404
21321954
21328025
21329662
21350025
21356110
21358504
21359408
21362469
21364944
21368271
2137551
21381923
21386180
21392768
21393471
21394639
21396859
2140110
2140346
21403625
21408055
21411834
2141475
21415719
21421702
21424274
21432082
21432111
21432455
2143586
21437139
21437602
2144055
2144268
21446356
21448080
21448320
21448922
21450569
21459942
21465244
21470666
21477383
21479966
21484033
21484158
21487147
21487312
21490511
21492351
21493722
21494635
21498114
2150727
21514398
21516340
21524939
21527666
21547366
21551601
21552156
21554245
21556451
21556736
21556816
21558570
21558573
21558574
21558575
21558577
21559350
21566780
21572351
21573469
21574872
21576921
21584438
21584681
21598413
21602910
21603441
21613428
21615492
21615807
2161722
21617884
21623468
21632260
2163299
21642242
21653222
21659488
21659904
21665113
21665568
21679324
21679351
21681172
21682669
21685807
21690193
2169064
21697747
21700895
21702657
21706288
21706313
21717121
21719562
21719901
21730029
2173645
2174317
21744266
21753869
2175569
2176520
2176521
21769734
21773023
21774822
21777165
21780310
2178091
21782401
21786539
21788952
21796498
21800478
21806789
21810471
21813916
21813917
21818123
21823675
21827635
21829501
21836369
21837478
21842214
21874215
21879351
21881949
21892961
21904641
21906793
21913140
21916608
21917016
21922038
21922261
21922263
21931703
21933039
21933704
2193534
21941013
21945500
21970447
21980993
21985845
21990004
21996532
22004715
22005746
22011707
22018014
22031502
22031510
22038148
22039371
22052872
22052873
22054177
22064359
22067240
22068206
22071714
22092703
22105111
22107086
22111516
22127711
22128720
22130467
22141210
22152087
22155657
22162529
22168345
22170013
22172860
22174394
22174491
22183053
22183086
22187388
22189669
22207723
22210239
22212240
22212276
22214691
2221489
22215119
2221579
22218729
22222125
22227851
22227852
22241939
22247971
22249325
22261825
22267570
22270483
22276411
22282227
22293241
22294379
22299297
22301554
22301670
22323646
22327087
22329653
2233195
2233197
22349362
22350357
22356533
22371387
22374379
22374613
22375217
22375234
22376254
22377500
22380726
22382669
22386744
22399699
22404431
22407581
22415455
22418276
22421926
22425808
22441647
22448737
22449054
22452610
22459782
22461445
2246189
22475430
22476915
22482790
22487949
22493718
22498778
22500008
22506246
22519907
22520831
22521383
22525657
22525761
22526147
22531920
22534974
22542955
22543737
22543740
22550549
22554340
22555274
22556394
22562744
22564864
22565552
22575076
22577435
22581684
22594650
22595981
22610152
22614149
22616015
22616638
22619275
22623297
22626841
22628339
2263920
22649920
22652654
2265308
22661642
22662003
22666396
22672635
22677919
22678961
22682343
22684913
22686429
22693239
22693976
22701172
22704376
22709706
22710476
22712527
22728943
22732313
22734448
22736094
22739328
22747247
22773769
22776871
22776879
22777489
22778602
22780983
22790687
22805422
22805477
22808715
22809016
22810957
22812424
22812450
22812729
22820210
22836602
22836633
22842663
22843041
22851666
22852116
22855218
22858628
22863748
22864904
22871212
22874536
22876724
22876725
22876728
2289504
22902522
22903136
22907232
22915245
22918559
22918716
22921739
22922803
22924161
22928872
22933145
22936334
2294985
22951521
22952194
22955572
22957963
22962218
22963750
2296874
22969944
22972482
22972879
2297463
22976745
22978369
22988506
22990626
22990627
22991778
22992437
23006673
23007142
23013143
23013531
23017234
23028694
23029958
2303726
23041963
23042913
23046723
23049442
23056106
23064509
23070789
23070801
23070830
23073213
23074478
23074525
23075478
23075556
2307786
23079864
23090122
23090292
23091744
2310095
23104690
23106665
23113305
23114379
2311596
23118406
23124730
23143992
23156847
23160657
2316221
23170751
23176341
23176675
23177745
23178377
23180154
23180212
23182014
23182229
23182776
23183440
23183510
23187431
23201588
23205470
23211708
23216760
23219743
23220477
23224298
2322497
23239683
23246503
23249819
23249823
23251741
23253265
23266138
23266375
23273667
23274598
23275453
23276704
23278283
23279587
23281720
23282381
23286834
23288554
23291317
23299262
23299767
23300391
23301779
23304460
23307488
23314683
23324660
23326665
23328723
23332920
23341572
23342222
23347069
23348535
23349254
23358617
23358827
23360676
23360839
23361845
23376168
23383690
2338373
23392112
23395721
23400620
23401642
23419164
23435500
23442260
23442274
23444084
23444087
23458430
23460302
23463480
23464508
23465172
23467900
23470315
23470914
23472137
23473925
23475168
23479406
23487396
23493183
23493360
23495361
23505929
23506418
23506598
23507375
23513282
23514330
23516583
23517650
23519606
2353850
23541103
23548735
23551197
2355818
23558828
23558872
23558924
23559121
23560213
23560618
23566176
23566489
23568097
23580449
23580600
23580602
23588255
23591157
23595134
23604000
23604641
23614012
23614662
23615154
23615482
23615823
23616151
23620490
23624785
23625113
23636696
23642942
23646180
23649460
23659106
23661147
23670359
23671849
23680036
23682797
23684439
23684819
23685440
23688327
23689525
2368963
23691280
23695648
23700527
23707281
23717271
23717770
23719546
23724875
23725447
23727274
23731173
23738257
23739685
23739686
23739902
23739920
23743397
23751727
23755049
23756400
2376167
23764436
23764959
23767790
23776343
23784375
23795734
23796122
23798686
23798948
23800166
23817823
23821393
23823021
23825002
23825078
2382875
23834543
23835851
23837574
23838844
23840345
23846158
23848167
23849351
23850671
23855061
23872069
23873339
23874436
23875823
23877375
23880617
23886347
23887901
23889121
23899753
23903534
23905664
23908318
23922695
23924918
23927572
23928114
23929537
23932432
23933696
23935635
23936000
2394012
23940437
23947690
23950163
23954795
23958575
23958827
23959209
23963475
23964024
23967286
23975222
23977717
23977718
23977719
23977720
23977721
23979922
23980734
23981903
23998660
24002469
24004719
24013674
24022566
24023948
24027260
24029637
24036849
24055627
24055861
24068487
24089379
24095896
2410478
24107611
2411121
2411709
24117160
24118944
24120932
24126611
24130669
24130904
24134735
24135080
24141170
24145722
24148323
24148695
24149529
24149537
24149556
24149559
24149560
24149590
24149602
24149613
24149705
24149724
24149782
24150084
24150614
24150782
24153330
24172719
24188143
24189370
24195623
24195702
24198564
24198583
24198586
24200513
24200514
24200515
24201089
24219008
24220317
24222703
24225086
24225668
24238233
24258473
24260184
24261331
24262762
24265280
24265539
24277055
2428243
24284618
24285149
24295867
24299261
24303126
24311745
24345577
24346188
24349333
24355422
2435698
24357964
24359015
24363306
24373771
24375915
2437839
24383513
24387247
24388225
24398181
24416176
24423463
24434040
24435816
24436293
24444198
24446564
24448005
24451001
24451691
24458142
24458825
24463844
24465022
24469890
24476465
24476467
24479464
24484196
24487960
24489985
24498034
24498143
24499262
24500432
2450245
24504226
24506871
24509134
24509995
24512517
24512783
24513876
24514907
24517839
24520153
24520199
24520541
24531453
24548423
24552382
24552436
24559067
24565602
24566440
24570619
24573919
24576321
24576857
24576865
24577845
24592300
24596617
24598699
24599630
24611484
24617642
24621878
24622577
24624007
24626137
24627661
24633453
24636198
24637346
24639242
24642808
24643426
24643755
24645793
24649002
24654858
24659521
24662009
24662155
24667393
24669984
24669986
24673178
24674975
24676178
24676476
24678747
24678855
24681210
24683529
24685781
24691558
24700875
24701035
24702172
24705018
24709362
24710921
24714530
24715762
24719046
24719632
24726197
24731917
24735334
24739260
24744458
24744468
24744472
24752326
24759554
24760118
24760997
24766238
24770423
24773370
24776325
24779748
24784832
2478773
24792369
24793567
24796977
24802951
24809007
24816885
24832001
24833778
24833781
24833959
24837262
24848492
24848627
24851546
24853398
2485484
24858952
24863538
24864189
24865509
24868432
24870578
24874932
24876361
24878772
24884656
24886918
24890098
24891006
24893635
24895488
24895525
24913160
24917356
24917688
24920561
24920969
24924232
24928893
24936899
24943735
24944290
24947029
24950152
24954162
24955731
24966805
24967004
24967270
24968868
24974719
24974720
24975928
24977955
24982601
24984601
24987193
24990089
2499454
24996847
24998353
25003778
25005793
25009290
25009551
25011496
25012425
25025852
25029008
25029675
25029699
25031678
25038103
25050010
25050349
25061264
25062931
25068884
25071598
25073564
25074283
25088029
25096178
25104521
25118318
25120968
25121612
25127878
25128203
25133710
25136550
25140763
25142912
25144177
25145588
25145663
25145982
25147735
25153307
25170624
25177094
25177192
25177203
25179880
25180783
25187675
25198252
25202180
25202189
25213007
25224944
25247628
25253897
25255587
25259652
25264280
25266142
25269870
25270782
25280408
25286884
25294957
25295663
25298754
25305179
25310943
25310951
25311752
25316129
25318530
25319354
2532074
2532135
25321659
25326831
25328886
25329458
25333960
2533414
25338085
25343025
25344270
25344476
25347141
25358055
25358760
25360077
25363865
2536896
25371035
25371101
25373482
25377300
25380472
25381629
25386658
25386711
25387489
25389637
25391587
2540146
25409020
25414542
25424502
25426284
25426511
25431545
2543200
25435788
25436628
25438993
25441613
25442169
25446648
25451016
25456038
25457842
25460722
25464926
25465030
25467846
25480930
25488023
25490295
25493588
25494543
25503707
25519953
25523909
25524713
25525952
25526659
25530736
25539934
25539938
25547896
2555188
25557386
25561572
25566087
25566431
25566439
25566441
25566442
25566447
25567682
25571669
25573319
25578514
25582807
25587208
25596018
25599310
25602857
25604346
25604940
2561149
2561150
25617625
2562000
25622243
25626819
25628521
25630247
2563454
25637303
25642444
25643617
25658816
25668058
25678206
25683949
25688040
25691935
25692862
25694027
25714571
25720858
25722377
25722659
25722660
25727914
25729146
25729295
25729365
25730652
25739573
25741287
25741409
25748834
25749006
25752356
2575325
25758553
25759695
25776454
25783765
25788954
25789424
25789872
25791914
25794236
25795285
25799924
25802681
25810642
25811415
25811948
25825870
25826051
25826125
25826370
25830597
2583158
2584408
25844686
25844857
25845088
25853878
25854132
25854282
25857276
25857722
25862833
25864742
25864870
25865148
25872588
25873292
25880506
25888302
25893429
25893563
25898703
25899994
25902870
25915178
25915424
25915527
25916419
25919405
25921578
25921600
25922201
25924960
25924962
25925064
25935433
25938074
25941924
25942100
25954207
25955720
25958170
25961393
25962747
25964813
25966749
25970665
25983669
25988762
25995584
2599719
25997943
26000301
26008676
26011919
26016944
26017065
26019878
26023337
26034073
26034606
26034898
26036219
26038877
2604308
26044827
26045721
26046684
26057332
26058992
26070197
26073606
26075288
26082010
26084589
26088573
26092485
26093876
26096789
26098419
26105530
26105554
26114988
26115721
26116711
26121431
26125166
26126684
26132827
26136486
26141939
26146019
26151770
26153476
26155120
26157720
26163337
26163998
26165153
26167194
26168312
26170871
26176236
26182832
26185443
26189600
26211650
26211921
26213714
26218753
26228714
26229458
26240654
26243212
26244123
26244875
26248565
26251510
26253520
26263552
26264882
26265479
26266115
26269566
26270693
26275065
26275117
26280319
2628363
26288101
26288392
26289619
26289996
26296794
26298752
26300012
26303257
26305613
26311110
26316585
26324152
26329839
26331117
26331134
26332577
26335627
26338830
26339686
26351935
2635263
26352938
26360640
26377004
26398817
26400438
26407095
26407995
26410862
26415977
26424921
26433893
2643633
26437761
26442273
26443037
26444557
26447512
26447559
26448147
26448852
26448857
26453313
26453327
26456230
26460627
2646355
26464882
26468400
26469542
26475418
26475491
26475583
26476404
26487283
26491600
26496418
26500765
26501345
26508702
26509375
26513005
26522057
26523243
26525001
26529510
26537365
26540518
26543713
26546248
26554595
26558831
26558832
26558835
26560107
26561314
26567275
26577267
26578852
26582633
26583066
26584022
26584478
2658699
26594634
26604429
26605139
26608509
26609966
26611937
2661700
26619202
26626027
26632602
26632851
26643874
26647745
26660396
26660547
26660557
26664265
26664283
26672959
26673245
26680502
26689317
26690262
26692906
2669532
26700183
26705248
26707127
26714424
26717214
26739815
26755735
26760415
26765632
26768410
26769680
26770145
26778138
26779179
26784277
26786756
26788076
26793125
26793652
26796076
26797700
26799589
26799789
26801350
26803533
26807345
26812880
26837931
26841003
26847726
26853451
26853488
26856335
26859426
26864794
26872295
26879839
26882488
26894503
26908041
26909532
26918560
26921802
26940016
26943141
26949378
26950003
26950356
26956025
26957930
26957941
26957943
26964061
26970705
26978328
2698253
26985136
26998176
27018002
27019674
27027694
27031035
27034919
27035929
27044376
27051354
27051592
27052561
27059930
27061420
27062041
27064890
27065529
27082615
27085996
27088469
27094349
27096389
27105192
27109910
27109967
27118812
27124720
27128606
27129582
27135610
27139422
27150832
27152505
27156748
27162527
27165730
27167715
27167978
27174779
27175304
2717882
27181409
27182297
27182363
27183117
27185904
27186145
27186470
27186917
27203679
27208396
27212809
27213161
27217926
27222654
2722325
27231439
27239103
27239331
27239554
27261170
27266702
27267689
27273884
27274108
27274677
2727617
27282804
27284981
27287855
27293505
27296820
27297387
27306382
27320704
27321758
27335279
27335432
27357095
27358131
2736428
27364992
27366132
27374148
27376813
27377137
27379471
27379793
27384580
27387290
27390252
27390433
27390441
27414688
27421449
27422187
27422791
27425176
27427499
27428678
27434079
27434082
27441600
27444976
27445850
27447685
27451589
27453812
27454135
27455316
27458060
27458387
27468258
27471471
27477524
27478305
27478459
27481271
27484001
27486743
27491620
27493198
27497779
27501153
27509306
27513854
27518102
27518889
27522585
27523186
27523646
27524970
2752561
27530134
27534876
27537409
27538513
27545396
27547577
27547716
27548212
27549214
27551969
27556488
27562067
27564917
27579699
27580693
27582262
27586837
27588179
27590681
2759221
27593492
27594321
27600458
27601139
27601776
27605972
27609306
27613664
27614202
27615448
27617485
27622168
27650251
27651323
27652022
27652031
27653273
2767064
27676148
27676149
27676156
27677455
27684595
27686402
27687884
27689132
27690418
27704555
27706732
27713703
27718123
27725121
27727360
27733941
27735833
27736966
27743179
27747777
27753739
27754427
27767272
27768523
27770498
2777198
27777795
27798349
27798350
27802217
27805476
27805707
27808433
27810335
27810494
27813725
27826245
27826398
27827949
27830328
27832807
27835955
27837598
27841026
27841405
27844051
27845704
27849116
27852617
27854073
27867360
27876507
27881669
27881671
27885969
27886064
2789200
27895542
27901337
27911915
27912940
27924138
2792786
27935427
27941490
27960614
27966392
27974875
27974950
27993588
27994602
27996272
28000620
28002466
28002685
28011264
28012598
28017505
28018592
28028062
28028158
28028974
28031757
28039193
28043028
28049238
28051341
28054593
2807607
28079706
28082336
28082910
28087817
28090558
28093924
2809506
28104750
28105018
28111441
28114830
28118062
28119886
28121185
28122717
28138311
2814940
28149418
28153106
28153942
28165768
28177124
28177716
28177718
28181836
28183451
28183821
28194116
28199799
28202852
28203319
28207531
28214385
28223710
28224232
28225205
28238270
28241125
28250797
28255731
28257486
28257712
28261001
28263851
28270597
28270867
28272268
28275273
28277406
28282757
28285256
28285432
28291817
28292758
28293931
28303105
28306130
28314078
28315479
28316011
28317171
28320258
28326005
28341903
28344463
28347291
28348942
28353539
28361355
28361576
28362366
28363731
28366645
28368957
28376678
28378071
28379266
28379838
28381454
28385599
28386694
28388333
28391394
28392707
28392973
2839777
28398943
28402191
28408697
28409396
28421200
28421384
28422851
28428736
28428879
28429777
28433478
28435687
28437380
28440716
28447186
28449327
2845229
28453868
28456776
28460195
2846456
28467726
28469403
28469748
28469752
28479667
28480382
28480692
28482363
28492701
2849339
28500647
28503530
28520754
28521867
28526870
2853054
2853442
28542490
28553755
28554920
28555251
28559456
2856048
28562133
28562650
2856815
28571132
28572502
28579942
28580833
28582461
28587932
28591543
28597109
28605609
28606216
2861168
28613960
28616851
28625282
28630575
28639862
28642810
28645281
28646302
28658085
28659745
28668892
28669689
28670189
28671626
28672073
28673573
28674872
28679502
28680370
28680380
28680454
28684587
28685994
28687176
2868822
28693341
28694723
28702438
28704555
28706001
28708268
28708930
28719765
28721124
28736511
28744226
28744255
28745470
28747888
28748372
28758951
28759130
28769550
28777518
28777927
2877958
28783845
28785862
28789630
28793058
2879475
28795586
28798202
28799160
28804461
28807718
28810271
28810984
28811749
28822267
28825174
28828083
28829792
28829838
28831951
28838344
28853337
28856518
28859014
28861930
28864849
2886573
28871832
28879033
28885279
28887058
28887210
28891198
28901963
28910365
28911021
28914426
28916639
28929343
28930874
28935827
28937582
28940555
28948400
28948979
28955243
28955817
28958144
28958347
28959650
28961407
28964826
28967237
28967239
28972854
28981384
28988230
28988307
28991044
28994489
29016675
29017969
29021911
29022263
29023199
29028836
2903279
29033851
29035597
29035687
29039798
29042269
29046644
29058466
29062100
29068603
29070274
29075862
29082755
29083764
29083822
29085305
29089897
29091464
29091530
29095264
29099031
29099680
29104540
29105312
29112629
29114528
29119294
29121940
29123488
29127510
29127590
29131079
29134614
29136572
29140910
29141087
29142617
29143384
29143667
29145499
29147573
29150280
29159091
29161407
29163201
29163473
29165732
29167123
29167228
29168064
29182422
29183152
29189426
29190851
29197879
29199785
29200983
29203638
2920441
29210916
29212849
29212859
29218015
29220580
29223653
29225901
29231216
29231783
29232153
29234915
29237078
29251229
29256048
29256663
29259281
29259804
2926084
29262409
29263119
29272042
29274034
29275344
29281146
29281195
29285709
29287840
29291316
29296146
29302585
29308843
29311955
29312105
29316316
29320704
29321779
29326600
29331169
29334806
29340006
29343136
29344422
29351335
29359592
29368598
29370244
29370268
29371075
29375644
29377313
29379533
29393240
29394148
29398617
29401699
29402724
29410606
29415294
29415833
29426834
29427565
29429408
2943019
29430287
2943049
29432893
29433015
29445271
29461420
29461477
29461966
29461967
29462969
29466693
29467598
29471132
29473115
29477569
29488810
29490680
2949974
29503051
29506053
29513791
29519347
29520369
29521064
29521704
29524997
29526567
2952824
29529387
29531564
2953396
29535548
29540296
29541032
29541092
29541095
29541106
29541134
29543133
29548887
2955158
29559378
29561921
29566095
29571007
29575649
29578204
2958280
2958954
29597198
29599721
29599722
29599862
29614808
29627864
29648517
29653118
2965563
29656052
29659080
29662456
29668082
29669488
29671347
29676885
2967895
2968323
29685828
29693510
29696063
2969669
29698111
29698651
29700574
29705471
29705845
2970923
29713249
29720225
29721510
29723594
2972785
29729373
29731416
29734881
29740341
29743826
29746891
29748720
29755363
2976336
29763678
29769824
29774032
29777409
29782463
29784554
29790452
29795723
29795727
29843140
29846834
29847191
29854443
29856928
2986095
29861827
29867549
29869823
29870157
29875681
29878340
29880392
29885920
29890037
29895236
29899711
29904333
29910371
29910424
29917108
29921716
29922173
29922184
29924476
29928698
29933914
29939490
29940668
2994334
29944515
2994961
29952675
29953414
29953821
29955695
29983237
29983927
29987522
29991458
30001216
30005739
30008038
30009276
30009507
30012664
30026562
30027785
30028191
30031682
30040009
30041123
30041701
30046617
30047602
30050592
30057818
30058460
30063084
30069484
30073172
30078194
30084314
30094437
30096249
30096581
30099793
30109631
30113718
30113919
30116124
30117365
30123060
30127214
30128352
3013056
30137674
30138543
301451
30147830
30148431
30149421
30155567
30155761
30160559
30167958
30172114
30172615
30172948
30174618
30176834
30179684
30180527
30186809
30187684
30188362
30189146
30194727
30196447
30198318
30199586
30200480
30203770
30207506
30208686
30213008
3021486
30220679
30221665
30224737
30231484
30244288
30246809
30248300
30256758
30257503
30258281
30260095
30276193
30276194
30276476
30277854
30291307
30291850
30293407
30293597
30294974
30296804
30300038
3030607
30310979
30320041
30321486
30323766
30323770
30324630
30325737
30334389
30334958
30335579
30337914
30337971
30339660
30340850
30344562
30346867
30349484
30351988
30354558
30356443
30356475
30356572
30356659
30360698
30363006
3036413
30365907
30371169
30374018
30376575
30377641
30380356
30382930
30392112
30399190
30400340
30405875
30414609
30419498
30419577
30421104
30425562
30429675
30453505
30455720
30462646
30463509
304653
30471384
30472249
30472250
30479520
30485685
30487411
30489352
30496493
30497093
30508516
30508863
30519842
30531291
30531697
30539106
30541575
30551234
30559681
30561141
30563468
30566760
30568518
30569793
30575321
30580432
30581100
30581558
30587230
30588325
30588901
30589484
30592183
30594892
30595477
30599881
30601706
30610443
30611351
30616033
30618797
30618835
30619885
30620236
30625976
30630742
30639252
30641593
30649094
30654196
30656180
30661328
30661331
30662406
30662486
30663116
30664359
30665439
30669449
30673629
30673849
30684541
30687109
30692939
30696423
30696591
30700754
30703845
30707962
30712024
30723479
30726210
30726225
30728822
30736479
30740234
30741858
30745882
30753130
30755154
30760755
30761840
30764736
30770758
30771724
30775383
30778760
30783776
30790162
30790541
30803503
30804809
30811073
30812059
30814417
30819077
30826599
30836690
30836837
3083743
30840513
30840894
30842540
30846834
30849952
30860714
30860878
30861351
30862844
30873215
30881958
3088378
30887868
30889043
30890937
30895460
30896356
30897114
30902674
30905721
30909945
30911346
30912279
30922751
30922985
30929860
30932750
30933945
30935010
30949063
30949073
30951969
30953177
30957673
30958058
30962874
3096725
30969228
30980923
30982100
30983932
30984014
30986813
30988688
30991661
30998792
31001142
31004882
31005728
31008133
31010132
31010270
31011008
31011777
31017108
31025894
31036091
31039280
31045685
31053293
31057415
31058762
31085130
31102684
31109152
31117828
31118902
31119285
31131517
31134054
31135059
31138221
3113962
31150497
31156335
31156345
31167081
31175438
3117569
31179123
31181740
31186789
31188696
31189189
31191051
31191366
31191831
31192216
31207273
31208055
31213408
31217380
31217898
31220834
31222379
31223191
31228241
31228726
31231369
31241425
31241504
31241790
31244673
31246554
31246713
31248182
31257737
31263423
31267575
31288290
31288431
31293445
31301268
31307029
31308645
31310581
31310707
31312344
31318033
31323685
3132963
31332982
31335708
31336570
31337198
31337199
31338451
31364768
31366352
31366396
31367217
31379605
31387082
31388975
31401675
31402874
31409363
31409383
31410778
31412018
31412365
31414957
31416212
3141802
31442336
31447683
31447697
31450521
31451954
31453723
31462005
31466764
31469710
31476736
31480163
31482146
31488342
31494152
31496907
31505122
31507436
31523348
31527301
31527725
31531060
31531130
31534920
31539487
31552706
31553624
31553742
31553765
3155583
31557507
31558360
31564171
31565753
31569012
31569351
31573387
31575002
31578459
3158183
31593504
31603935
31609300
31609518
31612566
31614329
31616260
31622239
31624951
31629353
31634003
31634755
31635162
31636570
31636910
31644597
31648815
31649549
31652404
31652937
31655016
31657764
31660533
31661892
31662994
31664435
31665878
31665880
31676994
31680450
31682154
31683926
31684092
31685910
31686980
31687452
31690393
31692257
31695564
31695615
31696230
31697945
31701851
31703805
31706202
31708962
31714391
31714452
31720438
31720487
31723556
31729600
31732851
31734892
31736354
31741050
31743809
31743985
31747468
31747702
31749706
31751077
31751149
31751180
31752370
31754080
31758610
31768383
31772603
31774356
31775404
31790279
31796267
31796986
31798452
31798466
31803496
31805424
31807631
31810462
31827351
31827687
31828478
31843448
31847307
31855381
31856035
31861331
31863075
31864395
3186933
31873952
3187956
31888596
31890228
31890686
31897802
31898880
31898922
31906239
31911902
31914620
31914659
31915481
31920698
31920703
31920720
31924223
31937892
31939997
31950310
31953936
3195802
31963105
31969132
31975358
31977634
31978779
31984676
31987872
31995226
32003547
32008847
32012817
32013568
32013825
32021139
32024713
32028168
32033172
32033211
32037857
32038278
32038628
32041223
32045661
32047471
32047808
32051584
32053942
32056388
32056983
32056985
32060352
32069784
32079027
32082125
32085792
32088743
32089954
32099540
32099827
32102573
32106271
32106527
32108722
32110986
32115978
32116736
32118696
32125249
32125874
32131554
32132925
32134712
32139353
32139354
32139762
32140173
32141277
32143279
32143325
32143716
32144857
32148620
32154028
32160058
3216722
32170443
32175326
32181562
32182747
32183167
32189665
32198828
32199226
32204320
32205908
32210714
32210759
32221992
32230858
32231243
32234365
32236752
32238166
32239380
32239870
32241223
32248856
32253893
32256529
32256948
32259772
32272973
32277130
32280255
32286239
32290385
32290521
32291269
32291908
32298225
32299534
32303828
32306154
32309817
32314053
32316587
32325851
32325856
32339794
32340467
32341927
32344650
32361773
32365859
32369215
32375572
32377438
32378422
32388491
32390738
32396288
32399590
32399949
32401165
32401626
32403230
32407239
32411011
32411343
32416181
32423418
32427794
32431698
32433250
32433675
32435201
3245505
32457637
32458495
32458557
32459413
32460104
32460239
32466660
32469398
32470399
32470924
32477368
32481236
32488605
32489563
32491486
32492913
32505092
32506984
32509120
32512234
32523674
32530734
32531180
32531761
32536110
32537688
32538286
32539581
32543279
32545655
32547154
32556029
32560148
32560436
32561824
32562386
32567438
32570815
32572752
32585737
32586083
32587872
32589290
32597030
32599642
3260323
32609225
32616275
32619204
32620352
32620433
3262525
32632105
32636891
32646062
32650851
32653449
32655403
32657201
32660526
32660564
32661302
32664290
32674533
32675582
32681124
32684749
32698121
32698256
32698260
32704381
32705925
32708286
32708894
32711519
32712700
32713261
32715550
32717273
32717972
32718978
32725886
32737925
32740287
32741294
32749071
32752178
32760282
32765023
32765291
32767113
32767532
32768573
32769874
32773365
32773585
32774242
32774539
32776828
32779001
32781050
32783602
32784847
32790747
32792975
32793846
32804900
32806711
32810739
32814311
32816096
32817656
32819304
32819437
32826835
32829109
32831895
32839476
32848853
32854825
32857763
32866619
32872199
32874099
32875687
32880050
32880214
32881035
32893357
32897167
32899523
32901996
32902062
32902644
32904520
32907591
32909059
32915883
32923098
32923484
32932123
32932235
32956398
32957522
32957571
32965623
32966338
32969535
32969782
32979101
32982688
32984413
32992440
33001223
33002382
33009195
33011401
33012216
33014083
33015245
33020140
33021585
3302177
33028418
3302842
33028850
33033025
33040733
33042761
33044438
33047690
33050362
33054657
33065594
33069782
33070698
33077128
33089004
33092321
33096842
33104519
33105359
33108717
33123594
33128925
33130034
33134345
33135583
33136772
33139757
33140866
33146567
33151775
33156414
33162898
3316344
33166347
33176672
33176796
33176827
33180998
33181008
33181663
33184627
33187477
33192562
33192567
33192581
33196606
33197676
33198760
33201413
33206786
33211154
33211989
33225322
33227829
33233549
33234406
33236417
33238373
33249618
33260915
33261642
33270727
33280953
33281615
33281621
33284089
33285761
33288784
33289019
33292022
33292439
33295406
33297363
33302352
33302709
33303450
33303928
33312438
33317411
33320779
33320868
33329017
33332232
33332572
33332945
33333910
33337689
33344666
33344941
33344994
33345040
33347841
33348847
33352104
33356580
33364251
33369020
33369253
33372236
33374836
33376598
33383570
33386792
3339187
33393937
33396972
33414377
33416030
33417294
33418951
33424360
33424629
33430753
33435279
33439763
33441158
33447728
33450134
3345176
33455471
33456511
33462306
33467225
33467381
33480271
33481484
33490928
33499711
33505159
33505932
33507839
33510799
33515032
33521041
33527018
33529767
33531538
33541428
33546018
33546247
33555667
33560044
33571957
33572086
33572891
33573608
33584134
33589633
33592494
33604554
33604558
33605495
33613323
33614541
33614655
33615264
33616017
33616048
33617465
33624912
33628286
33628645
33629149
33633280
33633589
33634732
33638689
33646423
33648546
33659268
33661084
33661544
33663303
33663414
3366523
33666595
33671082
33675423
33679872
33684166
33689907
3370401
33708967
33710344
33710926
3371344
33716759
33721696
33726550
3372913
33732719
33737300
33742528
33750257
3375945
33760979
33766700
33770205
33776794
33776795
3378203
33787332
33794977
33795919
33799833
33801313
33803664
33803975
33806669
33806756
33807198
33808079
33808213
33810574
33814421
33821439
33823058
33831620
33833685
33833856
33841183
33841224
33841702
3384515
33858214
33859520
33870263
33876259
33885715
33886789
33887828
33888141
33902151
33902152
33904125
33908093
33919722
33923577
33924645
33925633
33926145
33937753
33938371
3393847
33946330
33955259
33961505
33963521
33964816
33965431
33965556
33965902
33965903
33971938
33974472
33978364
33991647
33995307
34004418
34014020
34016352
34025029
34027448
34028235
34028651
3403455
34039086
34044369
34046570
34061009
34062189
34062449
34065969
34067297
34067984
34069060
34071378
34071724
34074584
34075857
34088392
34104096
34107510
34110707
34114918
34116579
34121363
3412288
3412289
34124592
34132483
34136728
34140269
34144055
34146655
34150829
34154603
34154651
34157728
34169917
34170574
34172544
34172818
34174325
34175554
34177910
34181580
34182165
34183020
34185322
34189765
34198661
34200791
34201077
34204359
34204566
34208271
34229361
34246305
34248066
34248672
34248940
34253202
34256371
34260663
34261990
34262723
34267242
34271953
34273682
34306470
34307692
34308698
34309331
34310345
34312731
34326269
34335295
34338033
34339111
34342052
3434658
34348201
34348347
34359731
34362082
34362156
34362824
34371824
34386193
34387950
34391213
34398078
34400989
34404876
34407549
3440861
34410849
34413391
34424793
34436450
34436846
34440412
34441551
34444508
34446381
34452400
34453025
34456752
34477931
34495225
34496147
34498946
34506746
34514439
34519716
34528132
34531760
34535852
34537801
34543566
34552508
34557109
34564755
34566685
34571843
34572568
34573494
34573692
34575347
34575597
34576235
34578807
34579095
34584659
34589749
34589753
34589833
34597617
34603072
34609702
34641941
34647335
34650440
34665981
34676696
34677187
34677371
34678914
34678915
34688752
34690285
34690798
34693365
34693756
34695711
34707507
34707508
34707862
34708098
34721075
34727684
34739602
34754212
34764879
34765311
34770094
34772901
34777246
34777343
34790706
34793367
34793492
34797867
34801744
34803913
34804878
34809611
34809670
34822649
34823469
34836278
34848337
34853628
34856759
34857871
34862643
34867291
34867470
34868428
34880778
34883250
34886049
34889067
34895300
34899372
34907264
3491061
3491062
34911479
34912238
34917230
34921407
34922023
34922621
34927380
34929709
34935709
34937022
34940627
34942595
34943027
34943078
34954198
34955891
34962433
34962595
34975545
3498415
34988436
34989026
34990636
34990878
34993452
34995365
35001564
35001658
35002809
35004797
35010758
35010953
35012626
35018575
35024257
35029590
35032224
35033556
35034531
35035509
35046841
35047233
35053101
35054484
35057413
35060417
35065407
35068187
35069187
35077296
35078560
35081660
35083247
35087866
35090033
35099405
35112091
35113938
35118031
35129529
3513176
35135964
35136382
35138972
35141477
35142082
35142560
35145424
35145425
35152857
35170227
35176088
35178206
35180967
35185596
35192550
35199237
35201920
35205118
35211515
35213038
35222269
35232974
35235092
35236328
35237867
35238798
35249225
35250845
35251471
35256637
35260267
35273516
35279015
35287112
35293040
35295573
35296491
35296975
35298547
35301117
35309531
35312042
35313534
35316209
35316486
35317931
35321145
35321743
35323667
35342620
35344476
35350863
35355119
35356271
35356739
35360242
35370771
35370792
3537627
35382556
35385770
35386651
35389942
35391634
35393043
35393316
35394687
35402558
35405482
35411800
35412405
35421557
35426092
35428332
35433749
35434019
35438219
35442483
35447130
3544936
35452394
35452395
35453438
35453772
35456380
35460295
35473780
35479747
35482790
35483978
35484386
35498148
35507276
3550811
35510255
35514339
35522098
35523357
35523821
35527667
35547420
35550109
35557513
35563313
35565629
35566573
35571883
35574443
3557778
3558215
35584886
35592698
35597962
35599472
35599912
35606306
35612337
35614404
35614461
35615563
35616304
35621834
35623888
35625041
35625766
35641582
35654369
35658935
35660135
35661560
35661896
35665223
35669577
35674827
35674828
35681702
35682840
35690877
35706006
35710395
35721117
35723223
35729829
35730335
35730432
35739899
35742183
35744077
35745133
35746153
35747643
35749411
35751748
35752238
35753072
35755035
35755444
35757370
35761105
35761371
35769582
35774290
35776031
35777726
35783372
35791000
35793317
35795051
35795281
35802811
3580296
35805814
35810369
35821795
35822106
35837822
35841628
35843176
35846232
35850080
35852047
35852657
35852665
35853580
35857747
35860283
35866597
35868017
35868987
35870436
35873209
35874516
35875810
35878113
35886639
35892765
35893413
35897037
35902372
35903146
35903270
35905178
35910388
35910832
35912994
35913010
35918136
35928570
35929617
35954552
35954937
35962209
35963615
35968296
35976197
35979962
35983187
35986353
35991185
35991938
35992157
35993558
36005837
36011581
36028073
36044093
36045751
36048789
36051913
36053365
36060624
36060625
36069803
36070371
36073362
36078075
36079091
36079794
36082169
36090921
36091357
36105719
36107505
36107989
36114653
36114840
36115999
36117688
36118105
36120316
36129579
36133956
36134901
36135034
36135193
36139762
36141561
36142056
36144256
36145083
36148310
36152526
36153118
36154349
36154490
36158229
36172458
36174033
36176774
36185677
36186099
36186906
36187741
36188763
36188798
36189306
36190113
36193515
36194166
36199257
36206875
36220328
36225310
36227377
36231510
36232420
36232755
3623425
36235676
3624128
36247953
36250148
36251842
36263975
36267750
36277142
36284330
36285617
36287760
36289902
36290179
36294224
36297014
36297022
36297076
36298234
36303113
36305972
36311197
36311634
36323877
36325128
36338481
36339833
36343619
36348102
36352208
36356496
36356591
36359130
36362598
36363775
36364748
36364794
36364825
36370176
36374769
36398372
36400404
36400821
36402848
36413696
36421381
36422277
36425549
36425900
36432469
36444545
36445874
36446945
36449571
36452038
36455805
36458119
36458168
36462879
36467072
36473795
36474473
36474913
36479905
36496958
36498185
36498228
36499630
36525022
36531176
36539114
36539791
36545337
36552249
36552576
36552653
36554566
36555965
36556478
36560580
36560914
3656116
36561213
36563967
36566465
36567902
36568282
36569751
36583069
36588657
36607416
36614901
36615834
36615842
36615898
36618977
36620189
36626149
36626649
36632690
36636200
36639616
36641300
36648516
36660198
36661228
36661485
3667019
3667020
36670847
36670902
36672627
36681798
36685057
36686422
36686689
36687718
36689291
36692144
36698469
36701486
36703752
36713459
36714311
36719416
36719647
36724589
36725094
36727618
36727984
36730066
36731031
36733846
36743994
36747595
36750904
36756543
36758649
36769022
36769362
3677557
36775650
36779839
36780902
36787735
36794689
3679644
36800687
36800893
36808332
36810209
36819840
36828315
36828321
36830444
36831101
36833405
36834246
36835625
36839267
36839333
36839344
36839906
36840400
36843281
36845826
36866178
36875113
3687561
36875689
36880055
36881179
36895628
36895634
36895638
3690021
36900471
36901661
36904156
36909316
36920320
36923290
36934419
36936914
36939211
36944051
36949965
36950022
36968475
36969592
36978890
36982633
36983374
36986552
36997723
37008762
37010103
37018654
37019582
37022961
37025615
37033330
37049474
37049548
37049594
37051807
37062892
37077797
37077913
37085562
37085769
37085935
37091121
37093637
37106475
37108035
37114193
37119213
37119360
37123249
3713102
37139298
37141424
37155235
37156970
37166076
37169504
37170623
37178095
37179415
37182575
37182674
37187878
37187963
37190038
37193030
37194635
37198619
37212596
37215177
37217586
37219588
37220826
37224335
37225167
37234930
37237471
37237501
37238721
37240505
37242198
37257522
37265560
37269192
37273279
37273695
37274559
37282487
37285622
37290439
37293669
37299443
37305539
37305791
37305794
37312153
37312242
37325799
37331983
37332103
3733605
37336368
37336816
37346288
37354450
37366805
37371923
37372026
37372715
37373402
37395680
37396339
37399887
37400578
37403287
37416624
37427401
37429969
37436930
37439906
37452363
37453973
37455687
37458775
37465975
37471217
37473737
37476010
37476688
37481476
37485032
37485756
37486024
37488250
37498159
37500010
37505614
37507427
37508217
37510743
37512013
37517672
37522724
37525261
37526943
37532066
37543952
37551724
37562184
37562938
37575412
37580991
37583074
37593830
37596062
37607126
37625246
37625676
37627028
37627359
37628548
37640274
37646063
37650311
37651264
37651463
37657526
37659283
37675469
37676715
37680507
37686264
37686781
3769902
37703087
37712443
37712975
37719442
3773085
37741562
37748258
37767470
37772056
37775621
37813825
37814020
37816992
37829712
37834172
37835636
37836487
37848571
37854981
37857430
37857757
37857871
37860003
37861346
37864292
37867744
37873899
37873905
3787646
37876940
37878335
37880167
37888516
37889181
37890604
37895379
37899535
37901799
37910166
37918137
37928757
37932804
37936222
37937007
37938533
37942230
37942506
37955130
37959219
37978517
37981793
37984634
37985201
37985769
37986021
37988600
37992002
37994415
38000522
38002710
38003313
38004173
38006357
38022757
38028800
38041014
38051142
38053947
38054817
38063067
38063321
38068312
38068782
38076084
38088925
38090572
38091407
38092582
38102536
38109167
38111130
38116708
38126450
38133109
38134917
38137440
3814985
38151020
38157312
38165315
38167090
38173127
38187820
38188117
38192745
38193770
38194272
38197701
38198808
38199628
38201866
38205185
38205547
38222805
38226005
38232699
38232727
38233983
38242693
38243724
3824471
38247026
38253008
38254811
38255287
38257125
38257136
38260074
38262127
38262710
38290132
38292700
38294173
38297475
38300362
3830254
38306312
38307711
38308310
38317104
38318197
38319954
38323091
38328715
38337738
38345808
38347855
38348376
38359412
38373069
38377006
38377416
38377422
38378702
38383211
38390924
38396551
38397742
38427981
38432877
38439706
38441939
38443220
38446078
38446191
38448730
38453752
38455429
38466679
38470997
38471807
38474128
38478179
38495879
38497478
38501161
38503395
38505706
38507777
38520001
38525221
38529312
38532845
38535413
38535623
38535735
38545725
38555307
38558524
38567559
38572538
38572744
38573638
38576169
38577295
38578562
3858102
38590831
38592213
38596629
38599540
38600451
38601749
38606291
38610771
38622529
38630952
38634902
38636620
38643471
38654913
38656072
38668580
38669056
38673878
38677127
38681143
38684379
38702085
38706951
38711499
3872744
38732600
38735625
38738316
38739079
38745259
38752873
38753017
38757161
38757729
38768035
38771358
38776176
38777281
38783385
38785940
38794135
38796403
38798834
38803062
38819353
38821438
38821996
38823353
38826085
38834174
38841630
38846523
38850881
3885434
38860912
38871050
38871236
38873567
38874882
38875105
38876093
38882207
3888949
38892584
38892912
38897365
38906488
38906729
38912735
38916665
38919390
38921470
38923603
38925692
38926142
38929159
38931158
38931275
38932912
38933969
38936255
38938668
38943268
38951803
38952916
38967387
38970776
38974339
38979417
38989952
38992334
39000562
39006362
39006847
39007170
39018183
39022159
3902853
39029586
39037494
39044030
39045870
39062097
39063609
39067203
39068934
39070775
39077758
39086058
39091997
39096490
39097177
39117304
39123444
39125358
39130639
39141644
39141732
39152162
39155711
39155952
39156757
39161283
39171191
39174870
39187050
39191230
39195529
39199416
39207252
39216411
39217611
39223594
39227231
39234305
39234310
39235161
39237538
39245802
39249538
39253542
39257478
39257711
39257863
39260584
39274429
39275173
39281311
39284497
39285213
39294920
39295999
39296960
39303144
39304515
39305340
39309458
39311228
3932453
39331128
39334708
39337079
39339678
39339805
39344384
39344668
39346967
39349610
39352112
39355153
39360698
39369140
39372725
39375608
39376917
39386181
39392053
39407919
39408218
39411424
39411514
39422600
3942368
39425857
39433273
39434721
39457580
39457699
39458532
39469338
39472279
39475859
39477281
39479585
39481808
39487511
39497827
39500416
39502531
39502580
39513967
39518934
39519594
39533549
39534447
39534856
39543800
39544990
39548231
39554613
39558302
39559795
39562632
39568140
39578822
39579715
39586663
39588272
39595161
3959868
39600087
39601362
39601770
39604770
39608648
39618226
39619008
39624122
39624491
39625335
39625505
39629720
39638743
39640787
3964740
39649497
39649787
39652048
39659803
39662484
39667826
39678831
39683574
39686921
39693276
39698044
3970143
39702096
39702295
39703911
39722170
39735712
39738130
39742886
39744162
3975490
39758093
3976693
39770918
39771005
39771010
39775851
39780353
39781531
39786561
39787008
39787044
39787500
39795637
39797104
39802037
39804464
39805013
39808679
39809255
39811408
39811409
39817606
39819908
39822200
39823644
39825222
39846296
39851581
39853819
39857407
39857575
39858215
39876077
39876965
39878357
39880386
39889004
39891610
39891907
39895674
39896729
39902852
39903041
39914261
39917273
39919738
39931771
39933702
39941151
39941693
39944998
39947139
39957063
39968942
39969260
39972513
39976554
39985583
39991166
39991485
39992562
40002396
40010075
40010361
40012033
40020680
40022144
40033182
40035867
40041508
40046694
4004819
40053075
40060168
40061448
40064557
40064728
40067241
40069235
40070268
40070614
400712
40074557
40075996
40077505
40077683
40087747
40088269
40090601
40091956
40092171
40104682
40110185
40110326
40115383
40119305
40128954
40129436
40130752
40138653
40142598
40148142
40149850
40152388
40159416
40170530
40182711
40182720
40188470
40194740
4019941
40200367
40204125
40206950
40210726
40211897
40213145
40217981
40220193
40223391
40229731
40231445
40231684
40240321
40241810
40243713
40248705
40252731
40264476
40283065
40284238
40292009
40310374
40311885
40312145
40315254
40334838
40336821
40338654
40339359
40341022
40341642
40349018
40356773
40362215
40367520
40371183
40372680
40376695
40399268
40400786
40414810
40417740
40418335
40418845
40425397
40427303
40427313
40433620
40436519
40438779
40438901
40458145
40465195
40479264
40502530
40507030
40507193
40508019
40509362
40511589
40520940
40522747
40531695
40534779
40534886
40537122
40537575
40543235
40547947
40551374
40553263
40559696
40559702
40562095
40565086
40565987
40569240
40570836
40572269
40573107
40573223
40574901
40580209
40585351
40590946
40592488
40594526
40607404
40608178
40614598
40615903
40621119
40639377
40640190
40645404
40651083
40652239
40656991
40671677
40679399
40680227
40687903
40690272
40692837
40693778
40695537
40695772
40699540
40699770
40705846
40708865
40711080
40712831
40718117
40719540
40719860
40723384
40726009
40726355
40733004
40737449
40746438
40746988
40751845
40756803
40757568
40757590
40760148
407642
40768767
40768787
40771108
4077362
40775252
40781899
40784216
40787159
40789518
40790490
40796353
40799615
40805093
40806247
40810749
40821811
40829555
40829770
40830310
40831565
40832134
40839339
40841449
40849077
40858524
40859364
40867756
40869529
40873756
40874701
40880260
40889575
40889726
40893166
40894879
40896238
40899572
40903011
40903540
40906143
40921273
40923295
40927389
40929144
40933317
40933333
40936988
40937083
40940923
40941404
40943482
40943811
40944155
40944203
40947642
40949872
40950921
40950963
40954610
40959574
40981050
40983275
40993371
40994451
40995945
41001950
41008783
41010491
41013808
41017705
41024702
41025117
41027017
41028992
41030736
41032531
41040018
41041307
41056502
41056621
41064119
41068547
41070329
41071648
41074544
41076654
41082584
41088346
41091458
41099966
41101781
41102475
41103295
41105695
41106712
41106846
41110230
41110493
41115071
41121597
41123091
41126503
41133003
41134656
41135838
41139389
41139415
41141855
41141867
41143166
41149619
41156066
41160096
41163346
41166412
41166552
41168681
41168834
41180562
41183972
41185418
41203676
41208056
41208983
41209037
41214136
41219818
41222681
41228481
41234692
41236124
41237904
41238973
41242537
41245391
41247792
41247794
41259430
41267634
41269434
41274384
41281911
41281914
41283436
41284622
41291926
41295766
41298645
41300522
41301678
41301959
41310682
41311554
41312481
41312699
41314147
41320288
41323861
41333238
41337765
41341136
41344195
41350861
41351269
41354622
41355999
41357947
41364683
41370052
41374052
41387212
41389445
41390043
41392020
41397335
41398160
41400998
41403600
41408643
41408684
41408795
41409470
41412308
41416079
41420397
41421649
41423624
41432641
41440284
41442090
41445672
41453684
41462441
41462444
41463529
41467764
41479689
41484100
41488924
41489916
41490862
41491333
41496807
41506728
41510933
41517582
41524256
41525801
41534132
41535906
41538301
41543369
41547677
41547836
41550722
41555523
41562855
41574581
41576003
41577799
41578624
41585523
41588020
41590966
41596082
41596546
41598239
41603421
41606419
41608335
41608747
41613295
41613504
41617156
41619405
41621709
41624139
41624262
41630896
41631762
41632929
41633983
41635648
41635664
41639166
41639886
41640741
41641160
41650529
41666921
41667602
41668769
41674114
41675500
41677899
41678332
41683256
41683346
41683362
41695095
41696404
4170390
41705654
41707779
41708628
41710434
41714436
41718182
41718246
41729927
41730502
41731349
41734407
41736739
41739819
41740469
41742004
41743864
41749441
41750299
41750333
41751275
41752088
41754131
41754211
41760417
41763365
41766979
41773697
41775886
41776652
41779174
41792034
41792245
41796012
41796987
41804829
41809696
41811709
41818607
41823202
41823245
41825129
41827731
41827952
41830866
41843412
41855587
41860253
41869022
41869769
41879062
41883429
41885792
41888861
41894197
41897712
41897954
41899032
41901354
41904552
41912101
41914778
41915057
41915342
41917538
41917722
41928725
41933867
41937599
41956491
41956499
41961280
41966073
4197023
41978112
41979147
41981959
41983698
41991430
41993944
41994354
41996458
41997565
42002932
42010994
42014732
42020262
42023778
42025676
42025818
42026739
42029608
42031886
42038451
42042930
42043068
42044030
42046670
42049052
42051517
42051615
42063202
42065088
42065231
42065923
42066739
42067131
42070654
42072083
42072616
42075011
42075028
42082041
42085607
42089800
42099915
42100686
42101356
42111835
42114087
42119638
42123572
42124027
42135533
42137885
42139045
42143857
42144061
42153013
42162798
42165230
42166123
42172289
42174056
42174721
42182658
42185030
42188545
42193839
42196277
42197007
42197058
42198444
42200900
42204392
42210382
42213158
42216391
42218768
42220584
42221302
42222673
42225862
42228614
42233178
42237705
42241674
42244873
42245833
42249952
42262593
42265179
42267767
42267976
42268350
42268956
42269175
42270042
42271532
42273167
42278265
42279294
42285772
42288978
42289482
42296701
42303371
42304279
42310923
42311035
42316869
42318273
42320482
42324021
42325615
42326337
42331944
42343877
42346350
42346377
42346740
42347472
42347478
42347480
42352011
42352294
42355713
42355829
42356276
42356358
42357190
42357729
42361953
42362024
42364789
42368776
42369610
42375599
42377205
42379275
42385612
42386294
42394873
42395032
42396351
42396376
42397160
42399371
42399740
42401082
42404979
42406066
42413512
42417962
42421570
42426781
42428498
42431709
42432678
42441413
42442009
42442053
42451454
42455516
42461394
42461968
42473428
42476008
42479929
42489020
42494155
42501047
42502427
42506425
42509650
42511313
42512191
42514342
42516259
42521198
42531218
42534352
42539963
42539998
42550210
42556252
42558227
42561457
42571303
42583675
42584
42588107
42589389
42590047
42601056
42601059
42601392
42610114
42612823
42615877
42616143
42617632
42618261
42618265
42623301
42625404
42632526
42633752
42635410
42642884
42643429
42646866
42647954
42652201
42653109
42654196
42656621
42657462
42658215
42661049
42670222
42671752
42673620
42685973
42687398
42694301
42694922
42698042
42702010
42707282
42711121
42719265
42725037
42727196
42738531
42738954
42739033
42739901
42740355
42740961
42742697
42744676
42750645
42751917
42752398
42759487
42759499
42759885
42760983
42770839
42775235
42779008
42783751
42783799
42784384
42786052
42790922
42794215
42795021
42795429
42795768
42796707
42798446
42799570
42807821
42807828
42808444
42812632
42814861
42819224
42821255
42824069
42828502
438328
468238
4689994
479364
483246
495074
5056911
5229367
6088222
6091944
609275
6110560
6139570
6147087
6154972
6156056
6172974
6178768
6179651
6180503
6191589
6198178
6199398
6201522
6211296
6217583
6221435
6227215
6230298
6240477
6241754
6249895
6257746
6271713
6274471
6317848
6325524
6325953
6343864
6349443
6352303
6352578
6364841
6408915
6430138
6437505
6442141
6466254
6467702
6467840
6488887
6498951
6499282
6502424
6536668
6567229
6578063
6648856
668205
6696530
6703499
6715733
6715736
6721720
6754134
6814599
6822065
6836306
6840229
6843319
6854135
6854349
6981653
6986534
6987518
6995104
7010904
7023768
7059401
7072633
7076852
7080012
7097751
709794
7107103
7156892
7167736
7180570
7197212
7199452
7218326
7219473
7237936
7258741
7265409
7297320
7310010
7350460
7354133
7357546
7372954
7389711
7408143
7426354
7430505
74333
7476053
7476281
7481277
7494944
7495013
7496949
7503009
7516736
7530230
7541087
7545552
7551367
7554392
7558524
7558530
7564985
7579049
7582190
7585754
7588680
7588685
7588696
7588702
7591392
7591393
7591394
7595980
7610315
7615453
7633966
7653737
7654732
7667830
7671874
7671876
7680745
7689475
769217
7692898
7701450
7723358
7723642
7727459
7742772
7752863
7753111
7759444
7768243
7772456
7775308
7776675
7779149
7805676
7806089
7809382
7822069
7827927
7836192
7837949
7845291
7849657
7883393
7883397
7883401
7894955
791331
7915172
7924476
7928850
7928885
7928891
7932079
7934967
7946939
7949108
7957518
7961280
7977720
7988196
7999177
8002126
8025739
8033504
8045831
8054786
8056127
8062846
8063468
8063469
8063510
8100607
8104879
8105146
8107540
8112238
8128398
8129569
8137903
8148442
8148868
8157368
8157376
8163323
8163324
8164528
8173759
8175048
8187809
8195017
8197986
8222889
8223526
8223532
8231757
8239177
8239510
8241956
8258620
8281369
8299603
8300275
8302459
8309706
8321104
8342683
8345799
8350611
8350698
8365836
8365998
8370648
8378588
8381082
8383598
8390927
8407151
8450597
8450718
849646
8501397
8503414
8507002
8514706
8518098
8524282
8538932
8543757
8543968
8549080
8550256
8550757
8553993
8567513
8575584
8594005
8597131
8612031
8619029
8621800
8630571
8635530
8658507
8674256
8680687
8682086
8703485
8717802
8726938
8732372
8736335
8737609
8739572
8739575
8744693
8748723
8760224
8772768
8775577
8775578
8789587
8793024
8795478
8799596
8800359
8803512
8814050
8817287
8820892
8827017
8827844
8828960
8832535
8832604
8833720
8837577
8843757
8846536
8847330
8850573
8861664
8861675
8871903
8872652
8880102
8883465
8889746
8889756
8891515
8895733
8897027
8897029
8897030
8898517
8901801
8907804
8911828
8917349
8921568
8925809
8925815
8929606
8945021
8954030
8954290
8964718
8967414
8970441
8971495
8971500
8973979
8973981
8973982
8978955
9006102
9007457
9015594
9023782
9038697
9048217
9059898
9059906
9081263
9081270
9093390
9105081
9107624
9107628
9116992
9117523
9129627
9130176
9131208
9134370
9134380
9134917
9139172
9139173
9140910
9152651
9168406
9173960
9174114
9176030
9176042
9187972
9194532
9196114
9209184
9212344
9214422
9227599
9241026
9250598
9252483
9255436
9263279
9272775
9272780
9286741
929097
9298361
9298779
9302491
9309628
9310018
9314719
9316530
9316743
931838
9346162
9363742
9387195
9387196
9387965
9408015
9413374
9413749
9417806
9432092
9433899
9458795
9459184
9464849
9473536
9474388
9475639
9486420
9502353
9502526
9512820
9516191
9517680
9518745
9534081
9541133
9559881
9562294
9564982
9572805
9575306
9578346
9588607
9588609
9607120
9609131
9609615
9609785
9620946
9622029
9624643
9650735
9650740
9656912
9657569
9662688
9668536
9670106
9678660
9700132
9708470
9708660
9710746
9712702
9721070
9749694
9756554
9763795
9770574
9774211
9774212
9777948
9779681
9787299
9793002
9809846
9811282
9817162
9823739
9824725
9827771
9843861
9850068
9857113
9877146
9877150
9877151
9890653
9917531
9925898
9927002
9927234
9927384
9928677
9931177
9950871
