10024133
10027054
10027157
10027750
10051240
10051250
10052662
10052667
10052669
10065667
10066370
10066712
10066916
10068871
10068911
10069269
10088017
10090328
10098462
1015843
10188738
10190769
10190770
10190775
10194033
10194157
10194203
10194215
10202829
10211844
10226888
10227988
10230161
10232441
10233044
10319359
10328438
10329801
10344454
10344463
10352758
10359573
10362386
10364418
10364419
10364420
10368344
10368355
10372978
10376483
10378910
10379481
10383486
10389551
10394828
10409590
10410329
10410846
10414164
10416558
10420137
10428295
10438325
10445622
10445623
10452230
10453859
10472319
10480780
10484593
10484595
10485779
10496119
10500036
10502079
10509363
10517764
10519061
10519062
10519063
10532808
1053440
10541441
10551346
10552266
10562353
10562607
10572208
10573332
10573667
10587253
10589473
10590187
10590729
10600658
10601173
10601175
10602722
10603704
10605950
10610832
10613431
10619370
10619980
10622205
10622270
10627077
10630621
10634215
10638381
10640980
10642363
10644818
10647540
10656294
10658054
10659227
10659236
10659327
10660661
10664086
10668761
10671807
10672493
10680098
10683094
10690446
10692607
10694117
10694140
10705593
10712361
10714561
10719781
10722780
10727694
10731000
10734666
10737418
10738706
10754517
10756131
10759448
10759703
10768734
10774876
10787364
10790819
10797139
10806050
10809925
10817726
10818279
10821721
10822060
10831166
10834317
10834351
10838248
10839228
10844520
10852756
10852757
10853701
10853702
10853703
10853849
10862535
10862637
10870095
10875627
10876011
10877971
10879444
10879457
10893017
10893018
10893020
10893021
10893026
10893341
10898410
10904840
10909963
10911809
10912880
10912884
10912885
10913482
10914352
10919060
10919061
10919063
10922016
10922142
10925079
10926657
10942707
10943654
10949003
10949106
10953066
10955700
10955749
10956359
10973039
10983891
10984359
10984363
10987594
10988117
10988133
11003990
11007588
11022798
11027515
11029335
11033992
11034437
11037258
11039131
11046195
11053329
11060137
11072780
11079521
11080265
11081462
11082415
11083351
11085559
11087903
11090586
11090595
11096461
11116068
11124582
11128842
11128850
11128860
11132604
11137745
11149003
11156284
11160051
11160069
11171715
11174795
11176144
11179134
11181584
11181610
11192058
11192956
11196525
11200071
11216749
11217623
11224813
11230780
11232592
11244864
11245592
11249493
11258642
11264655
11266234
11281614
11281615
11281616
11283429
11290517
11294315
11303695
11303698
11320633
11320643
11335051
11344086
11348965
11350752
11350769
11354527
11356768
11358983
11374121
11374427
11389214
11389929
11394236
11394246
11399389
11401015
11402249
11404280
11405243
11408420
11408460
11414666
11414667
11418473
11428738
11430586
11434894
11440399
11441228
11441906
1144527
11447362
11457800
11477613
11487604
11495658
11500083
11500334
11502577
11504595
11504695
11506126
11508327
11510867
11510869
11531039
11531966
11533573
11546660
11546663
11549533
11549539
11560093
115619
11568149
11568154
11572476
11574951
11579175
11579319
11579696
11581559
11583637
11590482
11594985
11600973
11601568
11641355
11641701
11676965
11683483
11686666
11687509
11692086
11698292
11703029
11704591
11708138
11710403
11714780
11728819
11731593
11734440
11737767
11738291
11740295
11741827
11742855
11744662
11770987
11774070
11786493
11788138
11795476
11797181
11803705
11809052
11813986
11822472
11832356
11832998
11840451
11842354
11843167
11849865
11858186
11860169
11860375
11861272
11865966
11869595
11882518
11896018
11897880
11897882
11910134
11914988
11915776
11915781
11915783
11915784
11939314
11940481
11942919
11948040
11954004
11959049
11959380
11960925
11960947
11960950
11984298
11990147
11990724
11990730
11991691
12007686
12009078
12012074
12015352
12028134
12031653
12035723
12048095
12048321
12055098
12056177
12056855
12065709
12070192
12070194
12070198
12070205
12073768
12077012
12094129
12108850
12111248
12111283
12114353
12122444
12131018
12133863
12133875
12135936
12145115
12154195
12154196
1215833
12161104
12172874
12187615
12189012
12207817
12208423
12215965
12215966
12220476
12231501
12347546
12355200
12357995
12359780
12369262
12370562
12370565
12381341
12381755
12383667
12384241
12388066
12391077
12391112
12391137
12392497
12394203
12399251
12405677
12405683
12405724
12405727
12405731
12405733
12405741
12411528
12433870
12436267
12439776
12445534
12447840
12449164
12453160
12455842
12461065
12461477
12466693
12468058
12471300
12472278
12476857
12485317
12502997
12506522
12507851
1250870
12519089
12525694
12533503
12534555
12538423
12547748
12552363
12560949
12560956
12563088
12569215
12569227
12569228
12571133
12574071
12580656
12581478
12581771
12582947
12582950
12591860
12601634
12603367
12609481
12611772
12611775
1261498
12626126
12627301
12627313
12628445
12629470
12638788
12642831
12672711
12673140
12673144
12673155
12674037
12682838
12687633
12692182
12702735
12707230
12723764
12736833
12736844
12736876
12736886
12740743
12740744
12742283
12744565
12745079
12745448
12750597
12751337
12752568
12765422
12768609
12770667
12780390
12783034
12783040
12783048
12788477
1279289
12794182
12800860
12811502
12828262
12832426
12832432
12837125
12840630
12840633
12840634
12840635
12842840
12849672
12856769
12857678
12866607
12867581
12869354
12870175
12870315
12885590
12897748
12900681
12900686
12904324
12904636
12909602
12911267
12917829
12924520
12928784
12937035
12940940
12941047
12945825
12946660
12947003
12950057
12955516
12955865
12958150
12959703
12968214
12972438
12972445
1308496
1311663
13129819
1317470
1319854
1325321
1325959
1330501
1330946
1334947
1336452
1336720
1338332
1342899
1355518
1356184
1360013
1360258
1371655
1377118
1382936
1382982
1383311
1412114
14178459
1419796
1421011
1422653
1423526
1425654
1428375
1434945
1443865
1447084
1447096
14504950
1450891
14510960
14514871
14521945
14523485
1452414
14561237
14583239
14584592
14585250
14586663
14587080
14587654
14596859
14608415
14609594
14616245
14618196
14626338
14630817
14638921
14639557
14646972
14652498
14653048
14654172
14654750
14659976
14667246
14669191
14669936
14670005
14672962
14672970
14674932
14685863
14686094
14691418
14692464
14694421
1470015
1470016
1470018
14705109
14710522
14711188
14719632
14723787
14732365
14738209
14738473
14747207
14748457
14765038
14766800
14766942
14767242
1477186
1483055
1486038
1487340
1489148
1494761
14967173
14967868
14967869
14970749
14970983
1497188
14977681
14978005
14983236
14984727
14988094
14989550
14989560
14992126
14996591
15000880
15001462
15004345
15012914
15020578
15024666
15034069
15034608
15038439
15042451
15046975
15052109
15056825
15059637
15072962
15075299
15075305
15076781
15080512
15082102
15083751
15086110
15095037
1510314
1510320
15107413
15110397
15111488
15112279
15115685
15115691
15118187
15121802
15123562
15133013
15139163
15142013
15142869
15154602
1516192
15169848
15174225
15181192
15184067
15187570
15189958
15193699
15194674
15196899
1519838
15201500
15219506
15219523
15219849
15221402
15225901
15226784
15235301
1524281
15256219
15256691
15258317
15260459
15264183
15273179
15277023
15292739
15292740
15296940
15302083
15304377
15306159
15310737
15317982
15322070
15331687
15346238
15351379
15353026
15354026
15358232
15362321
15370188
1537746
15379860
15381386
15388263
15388551
15388566
15389293
1541071
15448122
15450111
15452392
15458015
15459136
15459833
15470320
15475021
15478671
1547987
15481615
15483351
15486931
15490094
1549029
15495710
15501016
15501922
15505876
15513276
15514501
15517337
15518675
15523206
1552482
15528395
15531573
15542409
15542410
15542570
15543336
1554974
15556775
1555908
1555909
1555910
15562152
15562167
15562839
15570135
15570140
15578203
15579425
15579575
15580192
15582690
15589040
15595293
15595993
15604297
15611373
15617036
15623503
15624703
15632668
15632669
15633588
15633589
1563367
15640395
15643530
15653959
15654188
15657470
15661814
15665189
15672478
15673097
15676061
15686784
15692332
15696782
15696862
15701465
15705028
15705724
15707382
15715053
15728699
15730139
15733511
15741833
15744242
15756167
15756172
15756173
15764007
15768531
1576892
15769980
15770878
15772061
15778895
15778896
15778897
15790422
15791041
15795476
15796202
15798963
15801495
15801503
15805996
15818720
15820291
15821635
1582284
15831533
15831772
15832877
15847645
15852896
15855262
15857269
15860712
15863645
15867292
15867559
15870626
15870820
15871852
15875530
15875813
15879167
15886228
15886359
15888549
15889194
15889426
15890510
15894018
15894122
15905211
15906078
15907270
15908252
15913952
15914652
15920102
1592056
1592057
1592059
15922554
15922557
15927336
15935613
15942695
15944076
15947280
15947305
15947713
15947719
15954057
15964914
15973964
15980654
15981679
15981788
1598851
15988704
16002377
16006604
16008232
16020520
16024529
16028368
16037395
16038480
16040142
16040353
16040783
16046219
16060136
16061149
16061150
16061151
16079650
16082634
16082689
16084517
16095050
16096840
16099893
16102936
16103516
16107219
16112839
16114512
16116346
1611721
1611723
16118270
16118307
16118573
16128859
16129069
16129338
16136008
16138928
16143583
16150115
16151834
16151835
16159628
16159987
16164571
16177596
1618188
1618189
16182462
16183552
16185906
16194151
16195010
16195021
16195036
16195619
16195883
16195988
16197367
16210050
16238100
16239607
16256862
16261958
16266013
16266368
16266380
16268054
16268799
16270641
16281644
16282566
16284083
16286856
16287611
16290227
16297553
16298861
16306499
16306505
16307279
16308838
16309884
16311912
16313144
16320167
16320174
16327030
16327031
16331127
16332921
16338272
16339549
1634916
16357073
16364163
16365212
16365696
16373444
16376593
16385425
16385846
16393676
16394601
16394956
16402246
16403491
16406203
16408233
16410379
16412266
16414451
16418171
16426710
16431998
16435151
16438805
16440504
16446686
16446690
1645055
16450573
16457979
16461145
16469108
16469958
16475052
1647707
16481153
16484300
16487963
16489970
16497818
16497841
16504463
16506060
16507605
16508231
16514109
16525578
16531896
16531897
16531898
16533976
16540394
16540833
16540839
16546475
16548423
16549931
16554145
16572599
16575267
16586343
16596104
16596114
16596116
16608770
16611706
1661352
16613765
16616012
16630932
16635605
16643140
16646626
16647242
16648267
16669412
16672838
16672839
16675326
16676701
16676702
16678922
16685503
16685547
1668757
1669597
16697051
16698670
1669975
16703337
16716364
16728524
16729381
16738451
16753838
1675522
16763006
16765122
16766504
16778069
16783485
16787761
16790484
16791601
16794026
16798823
16799818
16802769
16809960
16815780
16826027
16831213
16840030
16840578
16840584
16840654
16840657
16843082
16845225
1684579
16849458
16860618
16864821
16868228
16871524
16874149
16874160
16875919
16882628
16882631
16886497
16886585
16889932
16891191
16895834
16896726
16898878
16902065
16902602
16906414
16906627
16911159
1691382
1691419
16915023
16916920
16920774
16926664
1692786
16935507
16940930
16941179
16941810
16944403
1695151
16958799
16960513
16960523
16967774
16970809
16971747
16978071
16990507
16996838
17010529
17019295
17021002
17023150
17023765
17023828
17024634
17027102
17030466
17030560
17031693
17035481
17036189
17042728
17048254
17073880
17074690
17076827
17089158
17093155
17095643
17098267
17109621
17111013
17116838
1711962
17123550
17125041
1712638
17126770
17127720
17133350
17136443
17137583
1713847
17138632
17138937
17143564
17146438
17169664
17170204
17189550
17194564
17196275
17196811
17197641
17201073
17201075
17204573
17206443
17210115
1721863
17223209
17229982
1723379
17239147
17239637
17245730
17261316
17269885
17270258
17277591
17279097
17292721
17293730
17295796
17296645
17299108
17303925
17303927
1730841
17311191
17314490
17317377
17320067
17321559
17321575
17327367
17332159
17334512
17337041
17344910
17346285
17353883
17356298
17357968
17369804
17369807
17373603
17374527
17374946
17379755
17380191
17381977
17387314
17388749
17390544
17402390
17402430
17402436
17402476
17410478
17412579
17414801
17414802
17417987
17428511
17433829
17436201
17436202
17451800
1745605
17463304
17466660
17470570
17473001
17473771
1748099
17481381
17481554
17482371
17485581
17486164
17488391
17493014
17493195
17504039
17504785
17507740
17510683
17515877
17524613
17524838
1752709
1752720
17530938
17531926
17535637
17538844
17541866
17542038
17545376
17545885
17545886
17551749
17553622
17554797
17555544
17555883
17558675
17561270
17568252
17569075
17570987
1757339
17581317
17609220
1761026
17611050
17614022
17615280
17617470
17622206
17625241
17627187
17631516
17637762
17638844
17639094
17644577
17645594
17654044
17654135
17660720
17663926
17668230
17673560
1768160
17689705
17690013
17690139
17692348
17692424
17693690
17693961
1769708
17700214
17713356
17717057
17717114
17720362
17724255
1772997
1778160
17805083
17805088
17805089
17823084
17823296
17853070
17883728
17885861
17886034
17890162
17893256
17901240
17903129
17907114
17910910
17917404
17917696
17923401
17925628
17928942
17934248
17934907
17942986
17943596
17945332
17949944
17951371
17962609
17962974
17973986
17973988
17975974
17976973
17979105
17980416
17984241
17986898
17987505
17990210
18003791
18006867
18030491
18031559
18037159
18037316
18046184
18046185
18048590
18057549
18064330
18068779
18070804
18070806
18071011
18073271
18075491
18076246
18079262
18080596
18089939
18091693
1810612
18136483
1814900
18156356
18156658
18156661
18162322
18163418
18164586
18166693
18166694
18175295
18184041
18184752
18184856
18186814
18196587
18198311
18198660
18198663
18198664
18203867
18206729
18213545
18216379
18217411
18223025
18226825
18229573
18230043
18239078
18239561
18242048
18256330
18258444
18268066
18268931
18271284
18274945
18277180
18280899
18284711
18292129
18295822
18302839
18305954
18312445
18317386
18320358
18321953
18324908
18326980
18327432
18328105
18328837
18333663
18339008
18341089
18341444
18342145
18344132
18344136
18344152
18347118
18347652
18347656
18347680
18348176
18349067
18353878
18353886
18354247
18356478
18358480
18360319
1836784
18371952
1837265
18377953
18379200
18379220
18380542
18382266
18388249
18390000
18394461
18397384
18401836
18404530
18410551
18413173
18414498
18424033
18427418
18437347
18442628
18446601
18450983
18457670
1846079
18461006
18461099
18461212
18461215
18466654
18467550
18471745
18477503
18488438
18489742
18499764
18499767
18505468
18508822
18508828
18514933
18525382
18545721
18547863
18548269
18551035
18554704
18562773
18562790
18566962
18567275
18569228
18569558
18580401
18580406
18580410
18581940
18586581
18587436
18614944
18614945
18614946
18614947
18614951
18615388
18616717
18618634
18619772
18635813
1864348
18651163
18664375
18665387
18672169
18677171
18678340
18680698
1868324
18685529
18694830
18705536
18708380
18713090
18714220
18714535
18714542
18716401
18721084
18729804
18753466
18753954
18758806
18758907
18761646
18762330
18768358
18769155
18773991
18777139
18780777
18784539
18789762
18793247
18794210
18797740
18797920
18801773
18805543
18806550
18812416
18821123
18821985
1882513
18826379
18828030
18833489
18834667
18837653
18838049
18846326
18850491
1885446
1889935
1890489
1890634
18923572
18923573
18923577
18925890
18926369
18927160
18927263
18930806
1893375
18974721
18977173
1898715
18992134
18997657
19005161
19011891
19012528
19015737
19018559
19029634
19031335
19032901
19033608
19033710
19038583
1904348
1905495
19057403
19062255
1907258
1907549
19088779
19092138
19092696
19097916
1910239
19112032
19123439
19125286
19127215
19130647
19130924
19131212
19131276
19131420
19131478
19139034
19144959
19164834
19168924
1917224
19173675
19180262
19180801
1918374
19184087
19185336
19187522
19188904
19193941
19195263
19196379
19197204
19203082
19208478
19212136
19218333
19223676
19225066
19225528
19227648
19233694
19234582
19236577
19244933
19253084
19254756
19260984
19261913
19263072
19265762
19269849
19273362
19276392
19287093
19295957
19297212
19303869
19303893
1930769
19308790
19327992
19336500
19343415
19346970
19346972
19347350
19351957
19360903
19363498
19365147
19370050
19371557
1938152
19387610
1939206
19395583
19403859
19404671
19407257
19409213
1941755
19422646
19423772
19423836
19424714
19430945
19432298
19435833
19445648
19447175
19457057
19461540
19461936
19466604
19469242
19476405
19478194
19479628
19486647
19487260
19496666
19496956
19497752
19498091
1949968
19504265
19516084
19516153
19523875
19527938
19528902
19530939
19539099
19540617
19552796
19554361
1955630
19567922
19568765
19574506
19574610
19574612
19585317
1958676
19590876
19591014
19592412
19594207
19603105
19608208
19609552
19620907
19627457
19629842
19632780
19642904
19643002
19643947
19644031
19646854
19647494
19649649
19651408
19652995
19654918
19657294
19660611
19666628
19667531
19669787
19669788
1967046
19671943
19672617
19674255
19679621
1968005
19681661
19682410
19683592
1968366
19685505
19687610
19688220
19688869
19691834
19692658
19693299
19693532
19696125
19697999
19700138
197018
19704379
19711027
19713429
19726014
19727022
19727024
19737872
19741299
19747852
19752078
19756700
19756713
19758373
19765242
19766513
19767388
19767794
19767796
19767811
19767814
19769703
19771447
19773283
19775917
19781626
19783602
1978755
19789403
19793061
19793156
19797690
19800931
19804580
19811098
19814865
19816213
19816709
19817503
19818846
19827454
19827462
19834334
19841289
19846424
1984801
19850730
19857542
19858140
19883392
19884489
19885855
19886927
19892539
19894201
19897460
19897558
19902242
19903761
19907005
19908172
1991041
19910654
19918193
19922034
19925488
19927028
19927143
19935847
19939871
19944361
19945435
19947855
19952502
19952825
19954777
19954944
1995530
19956970
19957874
19957875
19963158
19967420
19967592
1996808
19996575
19996787
19997049
20001441
20003209
20003624
20007518
20007854
20010123
20010127
20012242
20029520
20030905
20031575
20031954
20033704
20034235
20035771
20036931
20047266
20048505
20051263
20051733
20052409
20053569
20063104
20064208
20065510
20101405
20102734
20102772
2010374
2010406
20110541
20116411
20117590
20127160
20132073
20134177
20143084
20145562
20149706
20150740
20153875
20164809
20167678
20168253
20175040
20175427
20175428
20175433
20175869
20175886
20176680
2018527
20187772
20188818
20190425
20197784
20200939
20203534
20214665
20219060
20229018
20229019
20230500
20232574
20298376
20307567
20308693
20308694
20308927
20308973
20309004
20336330
20339010
20339244
20347489
20351374
20351512
20357483
20357488
20358704
20360546
20363101
20363849
20364046
20364347
20367053
20369365
20373468
20376076
20380359
20383226
20383302
20386338
20386340
20386477
20396801
20396982
20404050
20407233
20411234
20414820
20416393
20418184
20427727
20428993
20431985
20433584
20436237
20437076
2044521
20448032
20457187
20460259
20464812
20473230
20473683
20490823
20507967
20510350
20512337
20533245
20533854
20538849
20552383
20554511
20555369
20560169
20563600
20563916
20568384
20571229
20571405
20574676
20581719
20585296
20585853
20594330
20595243
20598139
20601740
20601741
20602110
20606517
20613649
20634742
20637132
20638470
20640439
20640440
20640951
20644637
20666650
20668874
20671032
20678226
20678784
20686993
20689451
20690399
20691248
20694538
20723894
20724934
20725124
20726881
20727160
20727372
2072829
2072836
20731182
20733099
20738823
20739506
20799043
20800058
20810503
20823453
20824621
20826261
20832579
20833606
20835904
20836754
20837310
20839226
20839490
20839496
20839497
20839499
20840303
20842100
20848212
208485
20850711
20853205
20863169
20864244
20864290
20864555
20868319
20878013
20884344
20919909
20920329
20921216
20922508
20926272
20936392
20937116
20945364
20947712
20950383
20951381
20955779
20956141
2096490
20972576
20973949
20976161
20978713
2100988
21030675
21031618
21033565
21040371
21046139
210497
21055937
21058596
21058976
21058978
21058992
21059012
21059014
21059018
21059019
21059021
21059033
21059067
21059070
2105990
21068158
21069377
21071151
21078702
2108059
21083649
21088571
21088862
21088973
21095135
21108202
21113612
21116112
21127208
21131468
21131870
21132438
21146188
2114811
21152932
21153418
2115372
2115507
21161264
21163129
21164546
21165406
21168179
21168782
21170794
21177953
21178936
21178941
21191722
21191798
21195695
21196426
21200338
21203888
21208154
212093
21216881
21220530
21224226
21228339
21228725
21233790
21238578
21238614
21242700
21243292
21244727
21246372
21247587
21249381
21249386
21249392
21252216
21252484
21265312
21267745
21272132
2127819
21291933
21300303
21307858
21311362
21321954
21326189
21328025
21329662
21330167
21333667
21347968
21350025
21352507
21356110
21358504
21359408
21362469
21364944
21368271
21374645
21381923
21392768
21393471
2140110
2140346
21403625
21406198
21408055
2141475
21421045
21421702
21424274
21435392
21437602
21439804
2144268
21443510
21443585
21448922
2145216
21459942
21465244
21470666
21477383
21479965
21479966
21484033
21487312
21490511
21492351
21493722
21494635
21498114
21501815
21507065
21514398
21515397
21516340
21519639
21524939
21527666
21530866
21552156
21554245
21556451
21556736
21556816
21572351
21574872
21584438
21584681
21584686
21598413
21599899
21600784
21603997
21606873
21613428
21613778
21615492
21615807
21617884
2162022
21620953
21622964
21623468
2163095
21632260
2163299
21636214
21642242
21653222
21659488
21659904
21665113
21665568
21668966
21679351
21681171
21681172
21682669
21685807
21690193
2169064
21696440
21697747
21700895
21702657
21703750
21704880
21706288
21706313
21717121
21719562
21726905
21730029
2173645
2174317
21744266
21749398
21753869
2175569
217632
2176520
2176521
21769734
21774822
21777165
21780310
2178091
21782401
21786539
21788952
21796498
21800478
21806789
21810123
21810471
21820686
21823675
21827635
21829501
21832188
21835619
21836369
21837478
21842214
21844700
21855658
21858420
21862713
21874215
21874557
21881949
21885387
21887695
21895524
21903878
21904285
21904641
21905269
21911323
21913140
21916608
21917016
21922038
21922261
21922263
2192813
21931703
21933039
21933643
21933704
2193534
21945500
21949869
21952635
21953402
21964537
21970447
21980993
21985845
21990004
21991887
2199363
21996532
21998688
21999792
22004715
22018014
22018397
22027851
22031502
22031510
22031640
22036523
22038148
22052872
22052873
22053933
22054177
2205778
22062894
22064359
22067240
22067616
22068206
22071714
22080741
22089127
22092703
22105111
22105617
22111516
22113537
22124756
22127711
22128720
22130467
22132765
22136466
22140046
22141210
22152087
22155657
22162529
22168345
22170013
22170389
22174394
22174491
22178328
22183086
22184270
22187333
22187388
22189669
22189771
22207723
22207725
22210596
22212240
22212263
22212276
2221489
22215119
22215335
2221579
22218729
22222125
22223060
22227851
22227852
22238460
22249325
22258505
22259071
22261825
22262048
2226222
22270483
22273028
22276411
22282227
2228562
22294379
22299297
22301554
22301670
22326661
22327087
22329653
2233195
2233197
22334786
22341563
22344059
22348870
22350357
22351769
22356533
22359642
22371387
22374379
22374613
22376254
22377500
22380726
22382669
22390917
22399699
22402061
22404431
22407581
22415455
22418276
22420409
22421926
22435636
22441647
22448737
22452610
22459782
22461445
2246189
22469444
22475430
22482790
22487949
22493718
22497532
22500008
22515573
22519907
22521383
22523382
22525657
22525658
22525761
22526147
22531920
22534974
22542955
22543735
22543737
22543740
22546489
22554340
22555274
22556394
22562735
22565552
22573101
22573666
22575076
22578853
22581684
22584259
22589083
22594650
22595981
22604887
22610152
22613742
22614149
22615828
22616015
22616638
22623023
22626841
2263920
22652654
2265308
22661188
22661642
22666396
22677919
22678961
22682343
22684913
22686429
22693976
22712527
22720913
22727160
2272984
22732313
22736094
22739328
22747247
22749578
22759602
22773769
22776327
22776871
22776879
22777327
22777399
22777489
22782807
22790687
22791622
22798210
22805422
22805466
22808715
22809016
22809390
22810957
22811245
22812450
22812572
22820210
22836602
22842663
22843041
22844518
22848362
22851666
22852485
22858628
22860109
22861354
22863748
22867973
22871212
22874536
22876721
22876722
22876724
22876725
22876726
22876728
22884415
2289504
22902522
22903136
22906782
22907232
22915245
22918716
22919442
22921739
22927832
22928872
22930219
22942180
22947913
22948775
2294985
22951521
22952194
22955572
22957963
22962218
22962897
22963378
22963750
2296874
22972391
22972482
22972879
22976745
22981168
2298189
22988837
22990119
22990626
22990627
22991778
23002252
23007142
23013143
23017234
23029958
2303726
23041963
23042913
23046723
23062383
23064267
23070830
23071720
23073213
2307786
23078757
23079864
23085145
23090122
23090292
23095814
23100589
2310095
23104690
23113305
23114379
2311596
23129090
23143992
23153829
23154081
23156847
23160657
23161867
23177745
23180154
23180212
23182014
23182229
23182776
23183440
23187332
23187431
23201588
23205470
23206314
23207491
23211708
23216760
23219743
23219906
23220477
23224298
2322497
23238742
23246503
23249819
23249823
23253265
23257203
23266138
23266375
23269119
23271697
23271699
23273667
23274593
23274613
23275453
23277090
23278283
23279587
23281720
23285093
23286834
23288554
23291317
23295959
23299262
23299767
23301779
23311765
23314683
23323271
23325712
23331909
23332426
23332920
23341572
23348535
23349254
23358617
23360676
23360839
23361845
23372811
23376168
23380222
23383690
2338373
23392112
23395721
23398265
23399848
23400620
23401642
2340503
23405528
23418092
23419164
23426816
23434860
23435500
23439415
23442267
23442274
23444084
23444087
23449935
23451164
23458430
23460302
23463480
23464508
23465172
23467900
23470311
23470315
23470914
23475168
23479406
23493360
23502103
23504182
23505929
23506418
23506598
23511700
23512570
23513282
23516583
23528286
23531600
2353850
23541103
23547679
23548735
23549462
23551197
2355818
23558828
23558872
23558924
23559121
23559285
23560618
23560674
23566176
23568097
23568098
23570263
23571777
23580449
23580538
23580600
23588255
23591157
23604000
23606218
23610057
23614012
23614662
23615154
23615482
23615823
23616151
23620490
23624785
23625113
23634700
23642942
23644856
23646180
23649460
2365037
23651238
23659106
23661147
23663962
23664016
23669253
23682797
23684439
23684819
23685440
23688327
23689525
2368963
23695648
23702348
23707281
23713533
23719546
23720271
23724875
23727274
23731173
23733197
23733650
23739685
23739686
23739902
23739920
23743397
23747802
23751727
23756400
2376167
23767790
23777197
23780711
23784375
2378512
23795734
23796122
23796707
23798686
23800166
2381520
23817823
23819851
23820200
23821393
23823021
23823150
23823923
23825002
23825078
23834392
23834543
23837574
23837748
23838844
23840345
23848167
23850671
23850770
23855061
23861558
23864258
23868687
23872069
23873339
23874436
23876512
23877375
23880617
23886229
23886347
23887230
23887901
23889121
23897688
23903534
23905664
23906552
23908318
23921625
23924918
23927032
23928114
23929537
23930668
23936000
23936397
2394012
23947690
23950163
23954795
23954829
23958502
23958575
23959209
23963475
23967286
23975222
23977717
23977718
23977720
23977721
23977725
23979922
23980734
23981903
2399254
24002347
24002469
24013674
24013943
24022566
24023948
24027260
24029637
24036849
24055627
24055861
24068487
24089379
24095694
24095896
2410478
24107611
24112691
2411709
24117160
24118944
24120240
24120496
24120932
24122901
24125138
24126611
24130669
24130904
24134735
24135080
24145722
24148323
24148695
24150751
24150782
24160223
24172719
24184481
24188143
24189370
24195623
24195624
24200513
24200514
24200515
24201050
24201089
24219008
24220317
24222703
24225086
24225534
24225668
24229326
24251622
24252362
24260184
24261331
24265280
24266614
24267361
24277055
2428243
24284618
24285149
24291325
24295867
24299261
24311225
24311745
24345577
24346188
24349059
24349333
24352029
2435698
24363306
24373771
24375915
2437839
24383513
24387247
24388225
24391776
24392457
24395610
24412212
24416176
24423463
24434040
24436293
24444198
24446564
24448005
24451001
24451691
24458142
24458825
24463844
24465022
24469890
24476465
24476467
24479464
24482680
24484196
24485475
24486532
24487960
24489985
24497379
24498034
24498143
24499262
24500432
24502337
2450245
24504226
24506871
24507241
24509134
24509995
24512783
24513876
24514907
24518865
24520153
24531453
24548423
24552382
24565452
24565602
24566440
24573919
24576321
24576857
24576865
24577845
24593945
24598469
24598699
24599630
24604295
24611484
24621878
24622577
24626137
24628428
24633453
24637346
24639242
24642808
24643426
24643755
24645793
24654858
24657956
24658125
24658221
24659521
24662009
24662155
24662848
24667393
24669984
24669986
24673178
24674975
24675034
24676178
24676476
24678855
24683438
24685781
24688170
24691558
24697255
24700875
24701035
24702172
24705018
24709362
24710921
24713141
24714530
24719046
24726197
24731917
24735334
24739260
24751711
24752326
24760118
24760997
24762853
24763113
24766238
24773370
24776325
24779748
24784832
2478773
2478805
24792369
24793567
24796977
24798414
24802951
24811017
24816885
24828425
24833778
24833781
2483571
24837262
24848492
24853398
2485484
24858952
24863538
24865509
24869910
24870578
24874932
24876361
24878772
24882741
24884656
24886918
24891006
24893635
24895488
24895525
24895602
24903923
24906147
24913160
24914927
24917356
24920561
24924232
24928342
24928893
24936899
24940861
24943735
24947029
24950152
24954162
24955731
24959824
24967004
24968868
2497109
24974719
24974720
24974723
24974724
24974725
24975928
24977955
24984601
24986928
24987193
24990089
2499454
24996847
24998353
25003778
25005793
25007086
25009290
25010155
25011496
25012425
25025852
25029008
25029675
25029699
25029703
25038103
25050349
25060913
25061264
25061277
25062931
25066541
25068884
25069238
25072667
25073564
25074283
25084220
2508430
25088029
25088157
2509215
25096178
25104521
25109602
25118318
25121612
25123045
25127878
25128203
25133574
25133710
25136550
25140763
25142912
25144177
25145588
25145813
25145982
25153307
25159669
25170624
25179880
25180783
25190745
2520485
25213007
25224537
25224944
25228359
25247628
25249340
25253897
25255587
25261012
25263651
25264280
25266142
25267457
25270782
25280408
25286884
25294957
25295663
25301024
25305179
25311752
25316129
25318530
25321659
25326831
25328886
25329458
25333960
25338085
25344270
25350665
25358020
25358055
25358760
25367519
2536896
25371035
25371101
25373482
25377300
25380472
25380621
25381629
25386658
25386711
25387489
25389637
25391587
25394809
2540146
25409020
25415018
25419789
25423127
25424502
25426511
2543197
2543200
25433101
25436628
25438993
25439356
25441613
25442169
25446000
25446648
25451016
25456038
25457842
25460722
25464926
25467846
25474597
2547562
25479564
25480930
25488023
25490295
25500579
25503707
25504747
25519953
25522723
25523909
25524131
25524713
25525952
25526659
25531801
25539502
25539938
25546615
25547896
2555188
25557386
25561572
25567682
25571669
25573319
25578514
25582807
25585360
25587208
25596018
25598393
25598495
25599310
25601465
25602857
25604346
25604940
2561149
2561150
25617625
2562000
25622243
25625350
25626819
25630247
25634256
2563454
25637303
25639911
25643617
25647393
25649272
25658816
25668058
25678206
25678701
25683949
25688040
25691103
25692862
25693894
25702530
25706655
25711612
25714571
25720858
25722377
25727914
25730652
25736783
25738482
25739573
25748834
25749006
25749442
25752356
25758553
25764518
25776454
25783765
25783784
25785928
25789424
25791914
25794236
25795285
25796304
25799924
25802681
25811415
25811948
25818207
25820396
25820454
25825870
25826051
25826125
25826370
25830597
2584408
25844686
25844857
25845088
25853878
25853879
25854132
25857276
25857722
25862833
25863030
25863272
25864742
25864870
25865148
25867528
25872588
25873292
25874021
25879043
25880506
25888302
25893429
25893563
25899994
25902870
25908726
2591361
25915178
25915424
25915527
25919405
25920499
25921578
25921600
25922201
25933933
25935433
25942100
25955720
25958170
25961393
25962747
25966749
25970495
25970665
25982374
25983669
25988762
2599719
25997943
26000301
26011919
26016739
26017065
26023229
26034073
26034898
26036219
26038877
26042664
2604308
26044827
26046684
26057332
26057630
26058992
26061528
26068579
26070197
26073606
26075288
2607537
26082010
26084589
26088573
26092485
26093876
26097139
26098419
26105530
26105554
26110580
26111094
26111200
26114988
26115505
26116711
26121431
26122818
26125166
26126684
26132037
26132827
26136486
26141939
26149822
26151770
26153476
26156267
261597
26163337
26163998
26168312
26168775
26173458
26175401
26176236
26181653
26182832
26185443
26189600
26190309
26198915
26211649
26211650
26218753
26222342
26223833
26228714
26229458
26229970
26230740
26238349
26241349
26244875
26248565
26251510
26252642
26253520
26254779
26259546
26263552
26264882
26265479
26266053
26268930
26269448
26269566
26270693
26275065
26276511
26280319
2628363
26285024
26287390
26288101
26288392
26289619
26289996
26296794
26298752
26300012
26301706
26303257
26305613
26315081
26316585
26319564
26324152
26328480
26329839
26332044
26332577
26334308
26334786
26335627
26338830
26347378
26351935
2635263
26352938
26358368
26376410
26377004
26377330
26398817
26398938
26400438
26404616
26407095
26407995
26408054
2640937
26410862
26411586
26413718
26415977
26423686
26433893
26434713
2643520
2643633
26437761
26444557
26445495
26447512
26447559
26447701
26447778
26448147
26448816
26452676
26453313
26453327
26456230
26460627
2646355
26467845
26469542
26472868
26473365
26475418
26475583
26476404
26480811
26484952
26487283
26493164
26496418
26501345
26502460
26508702
26509375
26513005
26513386
26522057
26537365
26540263
26540518
26545590
26546248
26548414
26549337
26554595
26558832
26558835
26560107
26561314
26566243
26567275
26577267
26578852
26582633
26583066
26584022
26584478
2658699
26588807
26589249
26590123
2659162
26596327
26598816
26604429
26608509
26609966
26611937
2661196
26619202
26626027
26631837
26632602
26632851
2663407
26636649
26642303
26643864
26643874
26647745
26651029
26655669
26660396
26666745
26669455
26673245
26677831
26680502
26684634
26690262
2669532
26700183
26705018
2670512
26705248
26707127
26707538
26708179
26714424
26717214
26724370
26739815
26741133
26743757
26744505
2674588
26755735
26760415
26765632
26768410
26769680
26770647
26778138
26784277
26786756
26790722
26796076
26797700
26799589
26799789
26837931
26841003
2684406
26844418
26847726
26853451
26854180
26856335
26864794
26868641
26872295
26873498
26879839
26882488
26887432
26898145
26908041
26909532
26916558
26918560
26921802
26924420
2693045
26940016
26941574
26942576
26943141
26944197
26949378
26950003
26950356
26952960
26956025
26964061
26966875
26970705
26975541
26978328
2698253
27012012
27018002
27021964
27027694
27028294
27030712
27031035
27035929
27037607
27040770
27044376
27045322
27051354
27052561
27053692
27059930
27061420
27062041
27082615
27085996
27088469
27094349
27096389
27101291
27103377
27105192
27107388
27107520
27109831
27109910
27109967
27112583
27122157
2712427
27124720
27128606
27129582
27135610
27139422
27139796
27150832
27152850
27156748
27160658
27165730
27167715
27167978
27174779
2717882
27181409
27183117
27185489
27185904
27186917
27187099
27189188
27189876
27191691
27203679
27206886
27208396
27209403
27212809
2722325
27228549
27231439
27235543
27237374
27239103
27260579
27261170
27262381
27266702
27267689
27273884
2727617
27278854
27282804
27283912
27284981
27285355
27287855
27296820
27297387
27304508
27306382
27319388
27320704
27321758
27327080
27335279
27339185
27357095
27358131
27364098
27364992
27366132
27367604
27377137
27377816
27379793
27384580
27387290
27406012
27406816
27414688
27422791
27425176
27427499
27428678
27434079
27444976
27447685
27451589
27454135
27455316
27458060
27468258
27477524
27477921
27478305
27481271
27484001
27486743
27491620
27493198
27497636
27497779
27501153
27501182
27504150
27509306
27513854
27518102
27518889
27522585
27522667
27523186
27523646
2752561
27530134
27534876
27537409
27538513
27545396
27548212
27549214
27551969
27556488
27562067
27564917
27575834
27579699
27580693
27582262
27586837
27590301
27590681
27593492
27594321
27601139
27604511
27605972
27609306
27614202
27615448
27620999
27641234
27650251
27651323
2767064
27676148
27676149
27684595
27686402
27687884
27690418
27699583
27704555
27706732
27718123
27721367
27725121
27725122
27733273
27735833
27736966
27742668
27743179
27753739
27754427
27767272
27768523
27770498
27771663
27777795
27784675
27796565
27798349
27798350
27799464
27802217
27805476
27805707
27808433
27810494
27813725
27815563
27827949
27830328
27831561
27832807
27835955
27841026
27841405
27845704
27849116
27852617
27854073
27856557
27856609
27874264
27876507
27878552
2788050
27881669
27881671
27884590
27886064
2789200
27894409
27895542
27901337
2790228
27909226
27909917
27911915
27912940
27913427
27920460
27923636
27924138
2792786
27931302
27935427
27938033
27941490
27960614
27966392
2797032
27974950
27977796
2799077
27993588
27996272
28000620
28011264
28012598
28017505
28017669
28028062
28039193
28043028
28049238
28051341
28054593
28057525
28066938
28072632
2807607
28079706
28082336
28087817
28089739
28092067
28093924
28104750
28114830
28121185
28121915
28122717
28122718
28138311
28145015
2814940
28153106
28153942
28165768
28177124
28177718
28180933
28181836
28182749
28183451
28183821
28185925
28192465
28199799
28202852
28203319
28207531
28209739
28216540
28222056
28223398
28223710
28224232
28225205
28235185
28238270
28241125
28251488
28254586
28255731
28257486
28257712
28261001
2826101
28263851
28270597
28272268
28275273
28277406
28282757
28285256
28285432
28291817
28292758
28296518
28303338
28306130
28314078
28315479
28316011
28317171
28320258
28337878
28341903
28347291
28353539
28361355
28361576
28362366
28363731
28366645
28368957
28376678
28378071
28379266
28379838
2838231
28382580
28385599
28386694
28387682
28388333
28388779
28391394
28392340
2839777
28398943
28402191
28408697
28409396
28409397
28412025
28415917
28418996
28421200
28421528
28422588
28422851
28425181
28428736
28428879
28429777
28432115
28433478
28433920
28437223
28437380
28438715
28440716
28447186
2845229
28452590
28452831
28453868
28456776
28460195
2846456
28467726
28469272
28479394
28480382
28480692
28482363
28486060
28492701
2849339
28500647
28520754
28521867
28526870
2853054
2853442
28542490
28548588
28553755
28554920
28555251
28558787
2856048
28562133
28562650
28572502
28576853
28577104
28580833
28582461
28587932
28591543
28597109
28605609
28611162
28613960
28616851
28620885
28625282
28628078
28629959
28639862
28642810
28645281
28646302
28647678
28649743
28656283
28658085
28667428
28668892
28671626
28672073
28673573
28679502
28680370
28684587
28685994
28687176
2868822
28693341
28694723
28704555
28705996
28706001
28708268
28708930
28718891
28719765
28725111
28726269
28729393
28732805
28736511
28745470
28748372
28758951
28759130
28760701
28771574
28777927
28783845
28784272
28789630
28789683
28793058
28793919
28795586
28796240
28798202
28799160
28803453
28807718
28810271
28810853
28810984
28811749
28812766
28818617
28822267
28822763
28825174
28829792
28829838
28831951
28838344
28853337
28854149
28855139
28859014
28860122
28861930
28862530
28864849
2886573
28866293
28869822
28871832
28885279
28887058
28887210
28891198
28901963
28910365
28911021
28914426
28916639
28926865
28927254
28929343
28930874
28931917
28935827
28937582
28940555
28944651
28948400
28958144
28958347
28961407
28964826
28967237
28967239
28972854
28979106
28981384
28982941
28987235
28988230
28988307
28991044
28992911
28994489
29016675
29017969
29023199
29028836
2903279
29035597
29035687
29042269
29042764
29058466
29062100
29063619
29068603
29074709
29082755
29091464
29091530
29099031
29099680
29105312
29106637
29107647
29112629
29119294
29121940
29124664
29127510
29127590
29131079
29134614
29136572
2913900
29140910
29141087
29142617
29143384
29145499
29146687
29150280
29161407
29161748
29165732
29167123
29167228
29168064
29177473
2917932
29182422
29182431
29183152
29189426
29190851
29191837
29197879
29198760
29199785
29200983
2920441
29210916
29212849
29212859
29215751
29220580
29223653
29231783
29232153
29232315
29234915
29236301
29237078
29253016
29256048
2926084
29262409
29263119
29272042
29274034
29275344
29276155
2928096
29281146
29281195
29284661
29285709
29286166
29287151
29287792
29287840
29296146
29298441
29306260
29308843
29313111
29316316
29331169
29335597
29343136
29351335
29359592
29361639
29362711
29368598
29370244
29370268
29371075
29377313
29389248
29393240
29401629
29401699
2940252
29402724
29410606
29414686
29415833
29421799
29425971
29426834
29427565
29427982
29428619
29429408
29430287
29432893
29433015
29445271
29452585
29458118
29461420
29461477
29461966
29461967
29462969
29466693
29467598
29471132
29473115
29474750
29477569
29488810
29490680
29503051
29506053
29513791
29518708
29519347
29521064
29521704
29525202
29526567
29529387
2953396
29540296
29542892
29543133
2954481
29545241
29548689
29548887
29559371
29559378
29561921
29566095
29571007
29578204
29578836
29590534
29597198
29624000
29627864
29643134
29644961
29648517
29653118
29653194
2965563
29656052
29659739
29668082
29669987
2967315
29676885
2968323
29684446
29685828
29693510
29696063
29698111
29698651
29700574
29705396
29705471
29709643
29710765
29713249
29720225
29721510
29723594
29727403
2972785
29729373
29731416
29734881
29735541
29743826
29744684
29746891
29748720
29763678
29765494
29769824
29777409
29781940
29782463
29784526
29784554
29790452
29797237
29843140
29847191
29856928
2986095
29861827
29862831
29863677
29865929
29869823
29870157
29880392
2988270
29885660
29885824
29885920
29890037
29890270
29893929
29895236
29898765
29908286
29920290
29924476
29933914
29939490
29940668
2994334
29945025
2994961
29952675
29952693
29953414
29953821
29953961
29981198
29988087
29991458
30001216
30005739
30008038
30008613
30009507
30012664
30014518
30026562
30027785
30028191
30030654
30031682
30040009
30041123
30041701
30046617
30047602
30058460
30063084
30068247
30069484
30075349
30077767
30078194
30080272
30084314
30094437
30096249
30096269
30099793
30113718
30116124
30119133
30123060
30124928
30128352
3013056
30137674
30138543
3013974
301451
30148431
30152715
30155567
30155761
30160559
30167958
30172114
30172615
30172948
30179684
30187684
30189146
30194727
30196232
30196447
30198318
30203770
30207506
30213948
3021486
30220679
30221665
30224737
30227849
30230598
30231482
30231484
30238979
30243702
30244288
30248300
30248907
30249353
30256758
30260095
30276476
30277854
30279507
30291307
30291850
30292287
30293407
30293597
30294974
30296804
30300038
30300230
30304134
3030607
30310979
30312832
30321486
30324630
30325737
3032646
30328526
30335579
30339660
30340850
30346867
30351988
30354558
30360698
30361931
30363006
3036413
30365907
30367484
30371169
30374018
30376575
30380356
30392112
30399190
30400033
30400340
30405875
30414609
30419498
30419577
30421104
30429675
30445104
30453505
3045529
30456534
30462646
30463509
304653
30467437
30471384
30472249
30472250
30479520
30485685
30489352
30496493
30497093
30506108
30507260
30508863
30512987
30519842
30528700
30531291
30531697
30535270
30537791
30541575
30551234
30560481
30561141
30563468
30566056
30566760
30568263
30569793
30575321
30575421
30580469
30581100
30587230
30588901
30589838
30594892
30595477
30601706
30610443
30611351
30616033
30619254
30620236
30620743
30630742
30639252
30641593
30649094
30657773
30663116
30664359
30665439
30673849
30676214
30690060
30696423
30696591
30700754
30703845
30707962
30712024
30723479
30726210
30726225
30728822
30736479
30741858
307489
30753130
30755154
30760755
30761840
30764736
30770758
30771724
30771734
30775383
30778760
30783776
30785891
30790162
30790541
30792542
30796945
30803503
30808027
30812059
30814417
30819077
30825891
30826599
30836837
3083743
30840894
30842540
30843284
30849952
30850619
30859892
30861351
30862844
30865998
30866569
30874285
30877025
3088378
30887868
30889043
30895460
3089583
30896356
30897114
30902674
30903866
30905721
30909945
30911346
30912279
30922751
30922985
30929785
30929860
30932750
30933260
30933945
30935010
30939402
30940499
30951969
30953177
30957673
30958058
3096725
30969228
30980923
30982100
30986813
30991661
3099511
30998584
30998792
30998998
31004882
31005728
31011777
31023353
31025894
31034253
31035959
31036091
31038529
31039280
31039624
31042072
31045685
31053293
31058762
31063848
31064116
31073303
31085130
31085710
31096217
31100354
31102684
31111223
31117828
31119285
31131517
31134054
31138221
3113962
31150497
31164094
31167081
31175438
3117569
31188696
31191804
31207273
31213408
31217380
31217898
31218848
31219211
31220834
31222379
31228241
31228726
31231369
31241425
31241790
31246554
31246713
31247303
31248182
31248228
31250976
31257737
31262006
31267575
31288290
31300358
31307029
31308645
31310581
31310707
31318033
31319174
31319856
31323005
31323685
31327964
3132963
31331342
31335708
31336570
31364768
31366352
31366396
3137433
31377443
31380886
31387082
31388975
31399415
31401675
31409363
31409383
31410778
31411900
31412018
31412365
31416212
3141802
31433691
3144130
31442336
31443827
31444397
31446016
31450521
31451954
31453723
31455308
31466764
31467419
31469710
31473278
31476736
31480668
31482592
31487224
31487401
31487891
31488342
31492686
31493415
31494152
31504216
31505057
31505122
31513876
31518371
31520264
31527301
31537408
31539487
31552706
31553742
31553765
31557507
31558360
31563463
31564171
31565753
31570159
31573387
31578459
31581549
31586588
31590829
31591287
31593504
31601118
31603935
31609300
31609518
31612566
31614329
31618484
31624951
31629353
31634003
31644518
31647720
31648815
31652404
31652937
31654972
31655193
31657764
31661892
31662994
31665878
31665880
31665900
31668306
31678111
31678371
31680450
31683926
31684076
31685910
31686980
31690376
31690393
31692257
31696230
31697945
31701851
31703805
3170400
31706202
31714391
31714452
31714459
31715290
31717554
31729600
31732851
31734892
31736098
31736354
31738771
31741050
31743809
31743985
31747468
31747702
31751149
31751180
31752370
31754080
31758610
31774356
31774701
31775404
31781893
31785241
31790279
31790604
31793464
31796986
31805224
31810462
31827351
31827687
31828478
31832004
31836968
31856035
31863109
31864395
3186933
31873952
31875620
3187956
31882966
31888596
31896010
31897802
31898922
31899220
31905167
31914620
31914659
31918723
31937892
3195802
31969132
31969634
31977586
31977634
31977641
31978523
31978779
31987872
31990143
31995226
32003547
32008847
32012372
32013568
32013825
32021139
32024023
32024713
32026469
32028168
32033172
32037857
32038628
32039828
32041223
32045661
32047808
32051584
32056388
32056983
32056985
32060352
32061457
32062818
32079027
32079925
32085792
32088743
32102573
32106271
32106527
32109201
32110986
32115978
32125249
32125874
32125909
32127173
32131554
32134712
32139353
32139354
32139762
32141277
32143325
32143716
32144857
32145701
32150150
32151691
32153078
32160058
3216722
32170443
32173863
32175974
32181562
32182104
32182747
32189665
32191368
32196379
32198828
32199946
32210714
32221992
32230858
32231243
32234365
32236752
32238166
32239380
32241223
32248626
32248856
3225213
32253893
32256948
32259772
32265910
32266969
32272973
32281170
32283859
32286239
32286405
32290385
32290521
32291908
32294698
32298225
32299029
32299228
32299534
32303300
32303327
32303828
32306154
32314053
32316587
32320382
32325851
32325856
32327939
32339794
32340626
32344650
32355002
32358841
32361773
32365859
32369215
32369763
32369998
32375572
32378422
32390738
32396288
32399209
32399590
32399949
32401165
32401626
32403230
32407239
32407241
32408137
32409005
32414731
32416181
32423418
32427794
32431698
32433250
32433675
32436346
32445660
3245505
32458495
32458557
32459413
32460104
32460239
32463731
32466660
32469398
32470357
32470399
32470924
32477368
32481236
32485990
32492913
32499034
32505092
32512234
32530734
32531180
32531761
32535998
32536110
32538286
32539581
32545655
32546009
32546077
32554326
32556029
32558349
32560148
32560436
32562386
32567438
32570815
32572752
32583428
32585737
32586083
32587872
32597030
32599642
3260323
32609225
32614675
32616275
32619204
32620352
32620430
32620433
32622763
3262525
32632105
32636147
32639114
32653449
32657201
32660526
32660564
32664290
3266562
32667095
32674533
32675582
32681124
32681810
3268289
32684249
32684250
32692061
32693363
32698121
32703848
32705925
32708894
32711519
32712700
32713261
32715550
32717273
32718978
32725886
32731626
32738730
32740287
32741294
3274275
32747405
32748470
32748746
32749071
32752178
32756048
32767113
32767532
3276758
32768573
32773365
32773585
32776828
32779001
32781050
32783602
32784847
3278878
32798310
32802260
32804900
32806711
32808587
32810739
32814311
32816096
32819304
32819437
32826835
32829109
32839476
32847099
32854825
32857763
32866619
32874099
32880050
32880214
32881035
32881625
32893357
32897167
32901996
32902062
32902644
32907591
32909059
32915883
32921628
32923484
32926455
32929110
32932235
32933545
32956398
32957571
32965623
32966338
32969535
32969782
32975301
32979101
3298928
32992440
33001223
33002382
33006190
33009195
33010727
33011401
33012216
33021585
3302177
33025520
33028418
3302842
33028850
33033025
33033375
33040733
33044438
33047690
33049706
33050362
33054657
33065594
33070698
33077128
33087757
33092321
33094520
33094728
33095157
33096842
33104519
33105359
33113283
33114186
33120292
33128925
33130034
33131146
33135583
33136772
33137990
33139757
33140866
33146567
33148515
33151775
33156414
33162409
3316344
33166347
33176302
33176672
33176796
33176827
33180998
33184627
33186056
33187382
33187477
33191613
33196606
33197676
33198760
33200398
33201413
33201749
33202082
33206786
33211154
33211989
33222297
33234406
33235030
33236417
33238373
33249618
33261642
33268842
33270727
33277455
33280953
33288784
33289019
33292022
33295406
33302352
33302709
33303450
33303928
33315811
33317366
33317411
33320779
33320868
33323171
33326978
33332232
33333910
33337689
33347841
33348847
33356580
33356867
33369020
33369253
3338096
33382364
33383570
3339187
33396972
33400404
33406502
33414377
33417046
33417294
33418951
33430753
33433932
33439763
33441158
33442884
3345176
33452071
33453323
33453676
33455471
33462306
33462797
33463135
3346690
33477110
33480271
33481484
33499711
33503634
33505159
33507839
33510799
33511484
33515032
33517669
33529767
33531538
33533497
33535128
33541428
33546018
33560044
33561994
33565755
33571957
33572891
33573608
33582858
33592494
33604627
33616017
33616048
33618716
33624912
33626393
33629149
33633280
33634732
33636171
33648546
33661084
33661544
33663303
33663414
3366525
33666595
33671082
33675423
33683008
33684166
33684544
33684951
33689907
33691569
3370401
33710654
33710926
3371343
3371344
33713916
33721696
33722268
33723919
33726550
3372913
33729250
33737300
33739383
33742346
33742528
33750257
33760979
33761464
33764172
33765652
33766700
33774542
33774615
3378203
33787332
33790323
33794319
33803664
33806669
33806756
33808079
33808213
33810574
33813987
33814421
33821439
33823058
33825570
33838636
33843093
33853848
33858214
33859520
33865081
33874859
33876259
33886789
33894268
33902151
33902152
33902989
33904125
33908093
33919722
33920705
33923577
33924645
33925633
33926145
3392702
33938371
3393847
33946330
33951310
33954182
33955259
33961505
33963521
33964816
33965431
33965556
33965902
33965903
33971938
33974472
33977937
33978364
33991760
33993936
33993938
33997019
33998067
34004418
34016352
34028651
3403455
34039086
34044369
34061009
34062449
34065969
34067984
34074584
34086773
34104096
34107508
34108459
34110707
34114918
34115575
34116579
34118476
34119190
34119583
34121363
3412288
3412289
34127858
34132483
34140269
34144055
34146655
34148020
34154603
34154651
34166988
34169917
34172544
34174325
3417520
34175554
34177910
34181580
34181712
34182165
34183020
34189765
34193197
34200791
34204359
34218397
34219762
34224819
34229006
34229361
34245811
34246305
34248066
34248940
34253202
34256371
34260663
34261830
34261990
34267242
34271953
34273682
34299993
34307692
34308698
34309331
34310345
34326269
34328388
34338033
34339111
34342052
3434658
34348347
3435565
34362824
34363827
34364218
34371824
34387950
34398078
34398938
34399653
34404876
34407549
3440861
34410849
34413391
34424793
34436846
34440412
34444508
34446381
34452400
34453025
34461703
34477931
34488314
34491814
34492258
34495225
34496147
34505734
34506746
34514917
34519716
34528132
34528459
34535852
34537801
34543566
34554363
34562473
34564755
34571843
34572568
34576235
34578807
34579095
34597617
34609702
34641941
34656916
34664878
34665826
34665981
34676696
34678553
34682324
34684067
34687827
34688752
34690285
3469103
34693756
34695711
34707862
34722208
34726114
34739602
34740320
34742317
34743949
34770094
34772901
34777343
34779025
34787291
34791066
34793367
34793492
34797867
34801744
34809611
34817324
34823469
34836278
34841594
34844088
34848337
34853093
34853628
34857251
34857871
34861868
34862643
34883250
34886049
34889067
34894109
34895300
34907264
3491061
3491062
34911479
34917230
34921847
34922023
34922262
34922621
34927380
34929709
3493395
34935709
34937022
34941437
34942595
34943814
3494554
34954198
34959851
34962433
34962595
34971144
3498415
34990636
34992351
34995365
35001564
35001658
35010758
35010953
35020409
35023307
35023763
35026191
35027828
35029590
35033556
35034018
35057413
35060417
35065407
35068187
35077296
35078560
35081660
35090033
35113938
35115578
35124292
3513176
35135964
35136382
35138972
35142082
35142560
35152857
35159290
35163799
35170227
35176088
35180967
35189318
35191221
35192550
35199237
35201920
35213038
35232974
35237867
35238798
35240124
35245366
35249225
35251471
35256637
35260267
35274818
35287112
35291017
3529285
35293040
35296491
35296975
35298547
35301117
35312042
35316486
35317102
35317931
35321145
35329172
35342620
35344476
35347728
35350863
35358624
3537627
35377222
35381320
35381388
35385770
35389942
35391634
35393043
35393316
35398179
35405482
35411800
35411956
35412405
35426063
35426091
35426092
35442483
35447130
3544936
35452394
35452395
35452397
35452398
35455983
35456380
35458161
35460295
35473780
35482790
35483978
35484386
35507276
3550811
35510944
35522098
35523357
35523821
35527667
35550109
35554791
35569120
35575746
3558215
35594443
35595191
35599472
35599912
35599913
35606306
35612337
35614404
35616304
35637877
35639912
35641582
35654369
3565853
35660135
35660523
35661896
35674827
35674828
35682840
35702980
35704557
35705806
35706006
357143
35719239
35723223
35724382
35727396
35729829
35730335
35730432
35744077
35745133
35746153
35749411
35752238
35753072
35761105
35761371
35770468
35776031
35777726
35779717
35782477
35793317
35802811
3580296
35803265
35805814
35841628
35843176
35850080
35852047
35852657
35852665
35853580
35857747
35860283
35866597
35868017
35868987
35870436
35897037
35902372
35904698
35905178
35910832
35912994
35926578
35929479
35929617
35933048
35938680
35940964
35954552
35954937
35963615
35979962
35982267
35986353
3599008
35993558
36001564
36005837
36006939
36028073
36028736
36044093
36044273
36048789
36053365
36063823
36069803
36070371
36073362
36079794
36085194
36107505
36107989
36109571
36111906
36114653
36114840
36115999
36123345
36123655
36129579
36134901
36135034
36135193
36141561
36142056
36145083
36148837
36151082
36152526
36153118
36154349
36154490
36163604
36174033
36175840
36189306
36190113
36194166
36199257
36200164
36206875
36210653
36222272
36227377
36231510
36232420
36235676
3624128
36250148
36250559
36251066
36251370
36257166
36260185
36263975
36283086
36284330
36285617
36293513
36294224
36297014
36297022
36298234
36303113
36305972
36311634
36311768
36343619
36348102
36348131
36352208
36356496
36356591
36357747
36364794
36364825
36368193
36370176
36370846
36374769
36379667
36398372
36400404
36400821
36403832
36423772
36426821
36432469
36437126
36444545
36445747
36445874
36446945
36454034
36455805
36462879
36465055
36473795
36481406
36498185
36498228
36499029
36514526
3652088
36525022
36527845
36537845
36539791
36545879
36554566
36560914
3656116
36566465
36567902
36574933
36607416
36613665
36615842
36615898
36624248
36624558
36626149
36639616
36641300
36648516
36661228
3667019
36681141
36681798
36689291
36692144
36713033
36713459
36719416
36719647
36724589
36725094
36727618
36727984
36729688
36730066
36730979
36736068
36750904
36758649
36769022
36769362
36774999
3677557
36779839
36780902
3678183
3678186
36787735
36794689
3679644
36800687
36800893
36804995
36808332
36810209
36813625
36823656
36833405
36834246
36835571
36835625
36839267
36839333
36839344
36840400
36841515
36843281
36847832
36862519
36870396
36872593
36875113
3687561
36875689
36881179
3688645
36892052
36892889
36893820
36897507
3690021
36901661
36904156
36908122
3691462
36916088
36916120
36920320
36927754
36934419
36936914
36939211
36940656
36940733
36944051
36974540
36982633
36997723
37010103
37018654
37019582
37022961
37030149
37049474
37049594
37051668
37051807
37069435
37077913
37085562
37085769
37092746
37106475
37108210
37119213
37119360
37127785
3713102
37141424
37148147
37156970
37163759
37166076
37169504
37170623
37171559
37173175
37178095
37179415
37182575
37182674
37190038
37194635
37198619
3719937
37204588
37209878
37210573
37211353
37212596
37217446
37217586
37219588
37221858
37225167
37238721
37242198
3724452
37245426
37257522
37269192
37285622
37290439
37299443
37306399
37307577
37312153
37312242
37331983
37332103
3733605
37336368
37336816
37344558
37358362
37358676
37366805
37373102
37373402
37380818
37392834
37399685
37399887
37400578
37403287
37407986
37429969
37433523
37436930
37437011
37439906
37453973
37458775
37465975
37471217
37473737
37481476
3748304
37485756
37488250
37497815
37498159
37500010
37507427
37512013
37513484
37513640
37517672
37522724
37525261
37526943
37532066
37543952
37549454
37551724
37562184
37575268
37580991
37585912
37593830
37595493
37596062
37607126
37625246
37625676
37640274
37650311
37651264
37651463
37657526
37659283
37659743
37669860
37675469
37686264
37686781
37697098
3769902
37703087
3773085
37741562
37748258
37751833
37756046
37756518
37775621
37783410
37794239
37803341
37812184
37814020
37816992
37834172
37836487
37840045
37848571
37853489
37857430
37857757
37857871
37860003
37861346
37864292
37876940
37878335
37880167
37889181
37890604
3789331
37899535
37907845
37915140
37918137
37937295
37938533
37944960
3795010
37951202
37955130
37964674
37972712
37981793
37982448
37984634
37985201
37985769
37986021
37988600
37992002
37994415
38000522
38003313
38004133
38004173
38006357
38013274
38015889
38017390
38032451
38041014
38051142
38054817
38056555
38060535
38063067
38063124
38063321
38068782
38081853
38084908
38088925
38090572
38091407
38092582
38098039
38102536
38103729
38109167
38111130
38116708
38126450
38134917
38135670
3814985
38151020
38159471
38165315
38167090
38173127
38182033
38193770
38194272
38197701
38198808
38199628
38201866
38205547
38232699
38232727
38233983
38236302
38241017
38243724
38247026
38253008
38257125
38262127
38262710
38263452
38284362
38290132
38290844
38291355
38293762
38294173
38300362
3830254
38305401
38306312
38306359
38307711
38309936
38317104
38319954
38323433
38337738
38345808
38346687
38354249
38358238
38359412
38364731
38368293
38373069
38377006
38378702
38383211
38383879
38426110
38427981
38431193
38439706
38443220
38445901
38453752
38455429
38459458
38466679
38470997
38471807
38474128
38478179
38492919
38495879
38497478
38501161
38502603
38503395
38507777
38511300
38516822
38521799
38541185
38545725
38547044
38555307
38558524
38565402
38572538
38572744
38573638
38576169
38578562
38580155
3858102
38592213
38594112
38599540
38600123
38622529
38622609
38634902
38636620
38642320
38642879
38643471
38650115
38656072
38669056
38670875
38673878
38677127
38679081
38684379
38711499
38724553
3872744
38732600
38735625
38738316
38752873
38753017
38753824
38754696
38757161
38760452
38768035
38768976
38771358
38776176
38777281
38780696
38782352
38783385
38785940
38787600
38796403
38809975
38819353
38821438
38821564
38821996
38823353
38826085
38834174
38841630
38848903
3885434
38860912
38871050
38871236
38874882
38875105
38876093
38880256
38881428
3888949
38892584
38897365
38900673
38906488
38906729
38912735
38916665
38918542
3892155
38923603
38925692
38926142
38931158
38931275
38935415
38936255
38943268
38950777
38951803
38955026
38970776
38979417
38992334
38995817
39000562
39006847
39007170
39008500
39018183
39024836
39029586
39030282
39044030
39045870
39063080
39066479
39067203
39068934
39077434
39086058
39094181
39097177
39101407
39117304
39141644
39141732
39152162
39155711
39161283
39166408
39169186
39172352
39178797
39187050
39191230
39199416
39207252
39216411
39217611
39224599
39227231
39235161
39237538
39245802
39249538
39258653
39259397
39260584
3926141
39275273
39284497
39285213
39294920
39303144
39304515
39304952
39305340
39317138
3932453
39328164
39331128
39337450
39339678
39339805
39342308
39349610
39352112
39369140
39392053
39404950
39408218
39417821
39422600
3942368
39425857
39433273
39433712
39458532
39465344
39472279
39475859
39476967
39477281
39480267
39481644
39481808
39484785
3948577
39487264
39487511
39488262
39497827
39499658
39500416
39518934
39519594
39533549
39543149
39543800
39548231
39558302
39562632
39566865
39568140
39570295
39579715
39580859
39586663
3959868
39600087
39601362
39601770
39604770
39608648
39618226
39625335
39625505
39629720
3964740
39652048
3965466
39661768
39662484
39665197
39667826
39675158
39676093
39683574
39689747
39692997
39693276
39694495
3970143
39702096
39702295
39711342
39722170
39735712
39738130
39742886
39744162
39745717
39751206
3975490
3976693
39770918
39771005
39771010
3977134
39775851
39780143
39780353
39781531
39786561
39787008
39787044
39802037
39803714
39804464
39804570
39805013
39805617
39808679
39809255
39817606
39819908
39823644
39825222
39826528
39827311
39846296
39853819
39857575
39876077
39876965
39878357
39879948
39880386
39884490
39887554
39889004
39891610
39891907
39902852
39903041
39905635
39919738
39920535
39923222
39933702
39940731
39941151
39945297
39947139
39952614
39957063
39960339
39968942
39969260
39972513
39976554
39984795
39985583
39992562
40003448
40010075
40010361
40020680
40024450
40033182
40035867
40045665
4004819
40049515
40053075
40054305
40059099
40061448
40064557
40064728
40067241
40069235
40070268
40071363
40074557
40077683
40079502
40083143
40088269
40090601
40106454
40112254
40119305
40128417
40128954
40129436
40130752
40131898
40132579
40138653
40149850
40152388
40155997
40164036
40170455
40170530
40174711
40185253
40188470
40189677
40192010
40194634
40194740
4019941
40204125
40210726
40211683
40211897
40220193
40223391
40227488
40228677
40229731
40231445
40231684
40235325
40240321
40243109
40243713
40244523
40246773
40248705
40250619
40252731
40279553
4028040
40284238
40285987
40287116
40288594
40305557
40311885
40312145
40319714
40323301
40334838
40336478
40338654
40339359
40339675
40341022
40341642
40349018
40356568
40358233
40362215
40367520
40376939
40378926
40399268
40404130
40407261
40418335
40418845
40438901
40457554
40465974
40507030
40507193
40509362
40511589
40516195
40531695
40532750
40534886
40537122
40537575
40543235
40544314
40551374
40553788
40554687
40554695
40555304
40562095
40562230
40565086
40570836
40573107
40574863
40576496
40580185
40580209
40588182
40590946
40592488
40594526
40602653
40603565
40607404
40608178
40614598
40615512
40625276
40639377
40645404
40651083
40652239
40655156
40671677
40679399
40679703
40682239
40687903
40689836
40693778
40695537
40695772
40699540
40705846
40712831
40713821
40719540
40719860
40726009
40733004
40737449
40744993
40749295
40751845
40752619
40760148
407642
40765126
40768787
40771108
4077362
40775252
40781899
40784216
40789206
40789518
40796353
40806247
40810749
40815154
40815811
40821811
40829555
40829770
40830310
40831565
40834288
40839339
40841449
40846098
40851553
40853965
40858047
40858524
40859364
40859541
40874701
40880260
40881686
40886374
40889575
40889726
40899572
40900286
40903011
40907786
40921273
40923295
40929144
40930248
40933317
40933333
40933335
40943482
40944155
40944203
40947642
40954610
40959574
40983275
40992652
40995945
41001950
41010491
41013808
4101895
41024702
41027017
41028992
41032531
41032842
41038268
41040018
41041307
41056502
41056621
41062473
41068547
41071648
41074544
41076219
41076654
41088346
41091458
41099966
41101781
41102475
41106712
41106846
41110230
41110493
41115071
41120895
41123091
41124031
41128772
41132128
41134637
41134649
41135838
41139389
41139415
41154623
41160096
41163346
41166552
41168450
41168681
41168834
41169391
41178442
41183972
41187159
41188318
41200313
41201844
41205848
41208983
41214136
41222681
41228481
41231045
41236124
41237904
41238973
41242537
41246440
41247790
41247792
41247794
41252862
41259430
41266776
41270908
41274384
41285619
41291926
41306051
41308250
41308718
41312699
41314147
41320288
41334713
41334763
41337765
41338314
41344195
41350861
41351269
41354622
41362050
41364683
41365974
41370052
41374023
41374052
41387212
41389078
41389445
41389890
41390043
41392020
41397335
41398160
41400998
41401015
41408643
41408795
41412308
41416948
41418714
41420397
41421649
41432641
41436671
41440284
41442090
41453684
41461583
41462441
41462444
4146764
41467764
41484100
41486174
41489916
41490862
41491333
41493140
41494650
41496326
41496376
41499403
41504165
41506728
41510933
41524256
41525801
41538301
41547677
41555288
41555523
41559546
41571033
41576003
41577799
41588020
41594545
41594656
41596546
41599850
41603421
41606419
41619405
41620394
41630655
41631762
41632929
41633983
41635664
41639166
41650529
41662889
41666921
41667602
41668769
41674114
41675500
41677899
41678332
41683256
41683346
41683362
41687812
41688634
4170390
41705654
41707779
41710434
41714436
41729927
41730260
41730502
41733003
41734407
41739819
41740469
41742004
41749441
41750299
41750333
41752088
41754131
41754211
41759492
41760417
41760757
41763365
41775886
41776652
41779174
41780520
41780807
41786068
41792034
41793261
41793277
41796012
41796132
41796987
41804829
41811709
41818395
41818607
41823202
41825129
41827843
41830866
41831355
41834140
41840606
41843412
41855587
41860253
41862469
41869769
41885792
41904552
41912101
41915057
41915342
41917722
41928725
41933175
41933867
41936972
41937599
41952016
41956455
41956699
41961280
41966073
41978112
41979147
41981959
41983698
41995884
41996458
41997565
42014732
42020262
42023778
42025676
42026739
42029608
42031886
42033051
42049052
42051517
42053889
42059412
42061479
42065231
42065629
42066739
42067131
42072616
42075011
42075028
42082041
42085204
42085607
42089800
42090738
42096626
42105570
42105992
42107909
42114087
42119638
4212341
42123572
42124027
42139045
42143857
42144061
42151687
42151748
42162798
42165230
42166123
421714
42176874
42178054
42190017
42196142
42196277
42196296
42197007
42197058
42204392
42213158
42214609
42216391
42216524
42218768
42224857
42225862
42233178
42234952
42237705
42241674
42242580
42245630
42249952
42251903
42262593
42265179
42267527
42267767
42267951
42267976
42268956
42269175
42270042
42270889
42271532
42278265
42278521
42285772
42288978
42289482
42296701
42303371
42304279
42310923
42311035
42316869
42318273
42331523
42331944
42332716
42352294
42356276
42356358
42379275
42380019
42386294
42390909
42397160
42400741
42401082
42421570
42425844
42431345
42431709
42441413
42442009
42442053
42442368
42451454
42454063
42455516
42461968
42462077
42467690
42468713
42473428
42474028
42476008
42479929
42480733
42489020
42494155
42512191
42514298
42514342
4252251
42531218
42537931
42545855
42550210
42551803
42561457
42572021
42576206
42584
42588107
42589389
42589391
42601392
42606830
42612823
42615877
42616143
42617632
42625404
42632526
42633752
42634881
42635410
42642884
42647954
42653109
42654196
42661049
42666016
42670222
42671752
42687398
42698042
42702010
42706483
42711121
42727196
42738954
42739033
42742697
42744676
42750645
42751917
42759885
42765120
42770277
42776298
42780578
42786052
42790922
42799570
42802505
438328
4415411
4473659
447945
449949
4594840
4611146
4627093
4629522
468238
4810550
4819579
4843785
495565
5014216
5089664
5229367
536278
5379096
55457
574715
594284
601248
6088222
6089529
6091944
609275
6110560
6139570
6142562
6143769
6148034
6154972
6156056
6159992
6178768
6179651
6184150
6185251
6191589
6199398
6201522
6211089
6218982
6227215
6249895
6257746
6271713
6314035
6316823
6317848
6325524
6325953
6342165
6349443
6352303
6364841
6408915
6418559
6430138
6437505
6442141
6467702
6467840
6483499
6488887
6498951
6499282
6502424
6507997
6536668
6539680
6542502
6576087
6578063
6622081
6646162
6648856
6665971
6696530
6703499
6714204
6715736
6720324
6721720
6723244
6754134
6768491
6788213
6822065
6826426
6835221
6836306
6840229
6841829
6843319
6854349
6873048
6957314
6981653
6982225
6986534
6987518
6995104
7010904
7023768
7072115
7072633
7097751
709794
7107103
7167736
7173139
7197212
7199452
7200903
7218326
7230874
7235111
7237936
7258741
727242
7306967
7310010
7350460
7350500
7372954
7389711
7426354
7430505
74333
7444701
7447110
7447111
7462
7474534
7476053
7476281
748398
7494944
7495013
7496078
7503009
7505095
7516736
7530230
7530630
7541087
7545552
7554392
7558524
7558530
7564985
7579049
7582190
7588680
7588685
7588696
7588702
7589485
7591392
7591393
7591394
7593059
7595980
7606943
7607197
7615453
7616318
7633966
7649675
7653737
7654732
7667830
7671874
7671876
7680745
7683333
7684329
7686465
7695138
7701450
7713627
7718006
7723642
7727459
7729444
7735247
7744650
7751084
7752863
7753111
7756446
7759444
7768243
7772456
7776675
7779149
7788216
7790786
7791579
7805676
7808244
7816556
7822069
7827368
7827927
7836163
7836192
7836220
7837949
7845291
7849657
7868453
7882483
7892069
7894955
7898341
7905757
7908308
7915172
7924476
7928850
7928885
7928891
7932079
7932851
7934017
7934967
7949108
7960319
7961280
7977720
7987704
7988196
7988471
7999177
8002126
8007806
8008992
8025739
8026042
8032288
8033504
8053537
8054786
8056127
8062475
8063468
8063469
8063510
8063684
8100607
8104879
8107540
8112238
8128398
8129569
8137903
8148442
8148868
8149449
8155997
8157368
8157376
8162923
8163323
8163324
8164528
8164529
8164530
8164533
8165058
8173759
818704
8187809
8190837
8195017
8197986
8207255
8223526
8226494
8226517
8231289
8231757
8238613
8239177
8239510
8241956
8244530
8253863
8258620
8280021
8281369
8285277
8298715
8299603
8300275
8307608
8309706
8321104
8329977
8330616
8333245
8342683
8345799
8350611
8350698
8365836
8365998
8370648
8378588
8381082
8383598
8399854
8407151
8407720
8415774
8419894
8423760
8444278
8450181
8450718
8460066
8463030
8477862
8484581
849646
8501397
8507002
8524282
8543757
8549080
8550256
8550757
8553993
8562463
8567513
8567571
8567581
8572588
8575573
8575584
8576868
8594005
8597131
8600624
8601054
8612031
8619029
8619330
8630571
8635530
8639826
8658507
8665277
8674256
8676612
8680687
8701633
8703485
8713015
8717802
8726938
8728513
8732372
8736335
8737609
8739575
8744693
8760224
8765812
8772768
8775577
8775578
8781725
8786817
8787548
8789587
8793024
8795478
8799596
8800359
8803512
8804655
8806874
8814050
8814552
8814976
8817287
8820892
8822619
8827017
8827844
8832535
8833719
8833720
8834831
8836642
8837577
8843497
8843757
8847330
8850573
8852929
8861675
8871903
8872652
8880102
8884412
8889746
8889756
8891515
8893252
8895733
8897027
8897029
8897030
8898518
8898521
8907804
8911827
8911828
8912016
8916319
8917349
89212
8921568
8925677
8925809
8925815
8929606
8945021
8954030
8954290
8964718
8964754
8967414
8969043
8969726
8971495
8971500
8973979
8973981
8973982
8978955
9006102
9007457
9015594
9023588
9023782
9042071
9048217
9051584
9059906
9062052
9075691
9081263
9081270
9090473
9093390
9105081
9107624
9107628
9114618
9116117
9116281
9116992
9117523
9119541
9129258
9129259
9129260
9129261
9129262
9129264
9129265
9129266
9129268
9129627
9130176
9131208
9134370
9134380
9134917
9139172
9139173
9139751
9139752
9139754
9139768
9168406
9173960
9174114
9176030
9176042
9187024
9187972
9187976
9194532
9208054
9209184
9214422
9227599
9241026
9250598
9252483
9255135
9255436
9272775
9272780
9286741
929097
9298361
9298779
9302491
9309628
9310018
9314719
9316530
931838
9338514
9342441
9346162
9363111
9363742
9366410
9372679
9375306
9387195
9387196
9387965
9407756
9408015
9408201
9413374
9413749
9417806
9424393
9432092
9433899
9443552
9443590
9449911
9458795
9459184
9459517
9464849
9474388
9475639
9482755
9486420
9502346
9502526
9512820
9516191
9517680
9518504
9518509
9518745
9521974
9532250
9534081
9541133
9559881
9562294
9563618
9564713
9564982
9565934
9571703
9572805
9575306
9578346
9583212
9588607
9588609
9595377
9607120
9609615
9609785
9609791
9612414
9613035
9618001
9622029
9624643
9624644
9630207
9641434
9644092
9644093
9644094
9644095
9646007
9650735
9650740
9656912
9657569
9678660
9700132
9708470
9708660
9710746
9712702
9722284
9722286
9749694
9753519
9753521
9754906
9756554
9763795
9769831
9770574
9774211
9774212
9776348
9779681
9783997
9787299
9793002
9794094
9809846
9811282
9817162
9823739
9824494
9824725
9827771
9828917
9830837
9843845
9843861
9850068
9855323
9857113
9858109
9877146
9877150
9877151
9890653
9892511
9917531
9918153
9918916
9925898
9927002
9927013
9927234
9927384
9928677
9931177
9931196
9950928
